abcdaadc: (4, 0) -> (4, 7); (4, 0) -> (4, 7); (4, 0) -> (4, 7); (5, 0) -> (5, 7); (5, 0) -> (5, 7); (5, 0) -> (5, 7); (0, 4) -> (7, 4); (0, 4) -> (7, 4); (0, 4) -> (7, 4); (0, 5) -> (7, 5); (0, 5) -> (7, 5); (0, 5) -> (7, 5); 
abcddddcb: (3, 0) -> (3, 8); (3, 0) -> (3, 8); (3, 0) -> (3, 8); (3, 0) -> (3, 8); (6, 0) -> (6, 8); (6, 0) -> (6, 8); (6, 0) -> (6, 8); (6, 0) -> (6, 8); (0, 3) -> (8, 3); (0, 3) -> (8, 3); (0, 3) -> (8, 3); (0, 3) -> (8, 3); (0, 6) -> (8, 6); (0, 6) -> (8, 6); (0, 6) -> (8, 6); (0, 6) -> (8, 6); 
aaaaaaaaa: (0, 0) -> (0, 8); (0, 1) -> (0, 9); (0, 0) -> (0, 8); (0, 1) -> (0, 9); (0, 0) -> (0, 8); (0, 1) -> (0, 9); (0, 0) -> (0, 8); (0, 1) -> (0, 9); (0, 0) -> (0, 8); (0, 1) -> (0, 9); (0, 0) -> (0, 8); (0, 1) -> (0, 9); (0, 0) -> (0, 8); (0, 1) -> (0, 9); (0, 0) -> (0, 8); (0, 1) -> (0, 9); (0, 0) -> (0, 8); (0, 1) -> (0, 9); (9, 0) -> (9, 8); (9, 1) -> (9, 9); (9, 0) -> (9, 8); (9, 1) -> (9, 9); (9, 0) -> (9, 8); (9, 1) -> (9, 9); (9, 0) -> (9, 8); (9, 1) -> (9, 9); (9, 0) -> (9, 8); (9, 1) -> (9, 9); (9, 0) -> (9, 8); (9, 1) -> (9, 9); (9, 0) -> (9, 8); (9, 1) -> (9, 9); (9, 0) -> (9, 8); (9, 1) -> (9, 9); (9, 0) -> (9, 8); (9, 1) -> (9, 9); (0, 0) -> (8, 0); (1, 0) -> (9, 0); (0, 0) -> (8, 0); (1, 0) -> (9, 0); (0, 0) -> (8, 0); (1, 0) -> (9, 0); (0, 0) -> (8, 0); (1, 0) -> (9, 0); (0, 0) -> (8, 0); (1, 0) -> (9, 0); (0, 0) -> (8, 0); (1, 0) -> (9, 0); (0, 0) -> (8, 0); (1, 0) -> (9, 0); (0, 0) -> (8, 0); (1, 0) -> (9, 0); (0, 0) -> (8, 0); (1, 0) -> (9, 0); (0, 9) -> (8, 9); (1, 9) -> (9, 9); (0, 9) -> (8, 9); (1, 9) -> (9, 9); (0, 9) -> (8, 9); (1, 9) -> (9, 9); (0, 9) -> (8, 9); (1, 9) -> (9, 9); (0, 9) -> (8, 9); (1, 9) -> (9, 9); (0, 9) -> (8, 9); (1, 9) -> (9, 9); (0, 9) -> (8, 9); (1, 9) -> (9, 9); (0, 9) -> (8, 9); (1, 9) -> (9, 9); (0, 9) -> (8, 9); (1, 9) -> (9, 9); 
aaaaaaaa: (0, 0) -> (0, 7); (0, 1) -> (0, 8); (0, 2) -> (0, 9); (0, 0) -> (0, 7); (0, 1) -> (0, 8); (0, 2) -> (0, 9); (0, 0) -> (0, 7); (0, 1) -> (0, 8); (0, 2) -> (0, 9); (0, 0) -> (0, 7); (0, 1) -> (0, 8); (0, 2) -> (0, 9); (0, 0) -> (0, 7); (0, 1) -> (0, 8); (0, 2) -> (0, 9); (0, 0) -> (0, 7); (0, 1) -> (0, 8); (0, 2) -> (0, 9); (0, 0) -> (0, 7); (0, 1) -> (0, 8); (0, 2) -> (0, 9); (0, 0) -> (0, 7); (0, 1) -> (0, 8); (0, 2) -> (0, 9); (0, 0) -> (0, 7); (0, 1) -> (0, 8); (0, 2) -> (0, 9); (0, 0) -> (0, 7); (0, 1) -> (0, 8); (0, 2) -> (0, 9); (0, 0) -> (0, 7); (0, 1) -> (0, 8); (0, 2) -> (0, 9); (9, 0) -> (9, 7); (9, 1) -> (9, 8); (9, 2) -> (9, 9); (9, 0) -> (9, 7); (9, 1) -> (9, 8); (9, 2) -> (9, 9); (9, 0) -> (9, 7); (9, 1) -> (9, 8); (9, 2) -> (9, 9); (9, 0) -> (9, 7); (9, 1) -> (9, 8); (9, 2) -> (9, 9); (9, 0) -> (9, 7); (9, 1) -> (9, 8); (9, 2) -> (9, 9); (9, 0) -> (9, 7); (9, 1) -> (9, 8); (9, 2) -> (9, 9); (9, 0) -> (9, 7); (9, 1) -> (9, 8); (9, 2) -> (9, 9); (9, 0) -> (9, 7); (9, 1) -> (9, 8); (9, 2) -> (9, 9); (9, 0) -> (9, 7); (9, 1) -> (9, 8); (9, 2) -> (9, 9); (9, 0) -> (9, 7); (9, 1) -> (9, 8); (9, 2) -> (9, 9); (9, 0) -> (9, 7); (9, 1) -> (9, 8); (9, 2) -> (9, 9); (0, 0) -> (7, 0); (1, 0) -> (8, 0); (2, 0) -> (9, 0); (0, 0) -> (7, 0); (1, 0) -> (8, 0); (2, 0) -> (9, 0); (0, 0) -> (7, 0); (1, 0) -> (8, 0); (2, 0) -> (9, 0); (0, 0) -> (7, 0); (1, 0) -> (8, 0); (2, 0) -> (9, 0); (0, 0) -> (7, 0); (1, 0) -> (8, 0); (2, 0) -> (9, 0); (0, 0) -> (7, 0); (1, 0) -> (8, 0); (2, 0) -> (9, 0); (0, 0) -> (7, 0); (1, 0) -> (8, 0); (2, 0) -> (9, 0); (0, 0) -> (7, 0); (1, 0) -> (8, 0); (2, 0) -> (9, 0); (0, 0) -> (7, 0); (1, 0) -> (8, 0); (2, 0) -> (9, 0); (0, 0) -> (7, 0); (1, 0) -> (8, 0); (2, 0) -> (9, 0); (0, 0) -> (7, 0); (1, 0) -> (8, 0); (2, 0) -> (9, 0); (0, 9) -> (7, 9); (1, 9) -> (8, 9); (2, 9) -> (9, 9); (0, 9) -> (7, 9); (1, 9) -> (8, 9); (2, 9) -> (9, 9); (0, 9) -> (7, 9); (1, 9) -> (8, 9); (2, 9) -> (9, 9); (0, 9) -> (7, 9); (1, 9) -> (8, 9); (2, 9) -> (9, 9); (0, 9) -> (7, 9); (1, 9) -> (8, 9); (2, 9) -> (9, 9); (0, 9) -> (7, 9); (1, 9) -> (8, 9); (2, 9) -> (9, 9); (0, 9) -> (7, 9); (1, 9) -> (8, 9); (2, 9) -> (9, 9); (0, 9) -> (7, 9); (1, 9) -> (8, 9); (2, 9) -> (9, 9); (0, 9) -> (7, 9); (1, 9) -> (8, 9); (2, 9) -> (9, 9); (0, 9) -> (7, 9); (1, 9) -> (8, 9); (2, 9) -> (9, 9); (0, 9) -> (7, 9); (1, 9) -> (8, 9); (2, 9) -> (9, 9); 
abcccccc: (2, 0) -> (2, 7); (2, 0) -> (2, 7); (2, 0) -> (2, 7); (2, 0) -> (2, 7); (2, 0) -> (2, 7); (7, 0) -> (7, 7); (7, 0) -> (7, 7); (7, 0) -> (7, 7); (7, 0) -> (7, 7); (7, 0) -> (7, 7); (0, 2) -> (7, 2); (0, 2) -> (7, 2); (0, 2) -> (7, 2); (0, 2) -> (7, 2); (0, 2) -> (7, 2); (0, 7) -> (7, 7); (0, 7) -> (7, 7); (0, 7) -> (7, 7); (0, 7) -> (7, 7); (0, 7) -> (7, 7); 
ahbbbbbb: (1, 0) -> (1, 7); (1, 0) -> (1, 7); (1, 0) -> (1, 7); (1, 0) -> (1, 7); (1, 0) -> (1, 7); (0, 1) -> (7, 1); (0, 1) -> (7, 1); (0, 1) -> (7, 1); (0, 1) -> (7, 1); (0, 1) -> (7, 1); 
abcdaadcb: (4, 0) -> (4, 8); (4, 0) -> (4, 8); (4, 0) -> (4, 8); (4, 0) -> (4, 8); (4, 0) -> (4, 8); (4, 0) -> (4, 8); (5, 0) -> (5, 8); (5, 0) -> (5, 8); (5, 0) -> (5, 8); (5, 0) -> (5, 8); (5, 0) -> (5, 8); (5, 0) -> (5, 8); (0, 4) -> (8, 4); (0, 4) -> (8, 4); (0, 4) -> (8, 4); (0, 4) -> (8, 4); (0, 4) -> (8, 4); (0, 4) -> (8, 4); (0, 5) -> (8, 5); (0, 5) -> (8, 5); (0, 5) -> (8, 5); (0, 5) -> (8, 5); (0, 5) -> (8, 5); (0, 5) -> (8, 5); 
aaaaaaaaaa: (0, 0) -> (0, 9); (0, 0) -> (0, 9); (0, 0) -> (0, 9); (0, 0) -> (0, 9); (0, 0) -> (0, 9); (0, 0) -> (0, 9); (0, 0) -> (0, 9); (0, 0) -> (0, 9); (0, 0) -> (0, 9); (9, 0) -> (9, 9); (9, 0) -> (9, 9); (9, 0) -> (9, 9); (9, 0) -> (9, 9); (9, 0) -> (9, 9); (9, 0) -> (9, 9); (9, 0) -> (9, 9); (9, 0) -> (9, 9); (9, 0) -> (9, 9); (0, 0) -> (9, 0); (0, 0) -> (9, 0); (0, 0) -> (9, 0); (0, 0) -> (9, 0); (0, 0) -> (9, 0); (0, 0) -> (9, 0); (0, 0) -> (9, 0); (0, 0) -> (9, 0); (0, 0) -> (9, 0); (0, 9) -> (9, 9); (0, 9) -> (9, 9); (0, 9) -> (9, 9); (0, 9) -> (9, 9); (0, 9) -> (9, 9); (0, 9) -> (9, 9); (0, 9) -> (9, 9); (0, 9) -> (9, 9); (0, 9) -> (9, 9); 
ccccccba: (2, 2) -> (2, 9); (2, 2) -> (2, 9); (2, 2) -> (2, 9); (2, 2) -> (2, 9); (2, 2) -> (2, 9); (7, 2) -> (7, 9); (7, 2) -> (7, 9); (7, 2) -> (7, 9); (7, 2) -> (7, 9); (7, 2) -> (7, 9); (2, 2) -> (9, 2); (2, 2) -> (9, 2); (2, 2) -> (9, 2); (2, 2) -> (9, 2); (2, 2) -> (9, 2); (2, 7) -> (9, 7); (2, 7) -> (9, 7); (2, 7) -> (9, 7); (2, 7) -> (9, 7); (2, 7) -> (9, 7); 
aaaaaaaz: not found
ccccccba: (2, 2) -> (2, 9); (2, 2) -> (2, 9); (2, 2) -> (2, 9); (2, 2) -> (2, 9); (2, 2) -> (2, 9); (7, 2) -> (7, 9); (7, 2) -> (7, 9); (7, 2) -> (7, 9); (7, 2) -> (7, 9); (7, 2) -> (7, 9); (2, 2) -> (9, 2); (2, 2) -> (9, 2); (2, 2) -> (9, 2); (2, 2) -> (9, 2); (2, 2) -> (9, 2); (2, 7) -> (9, 7); (2, 7) -> (9, 7); (2, 7) -> (9, 7); (2, 7) -> (9, 7); (2, 7) -> (9, 7); 
abcccccc: (2, 0) -> (2, 7); (2, 0) -> (2, 7); (2, 0) -> (2, 7); (2, 0) -> (2, 7); (2, 0) -> (2, 7); (7, 0) -> (7, 7); (7, 0) -> (7, 7); (7, 0) -> (7, 7); (7, 0) -> (7, 7); (7, 0) -> (7, 7); (0, 2) -> (7, 2); (0, 2) -> (7, 2); (0, 2) -> (7, 2); (0, 2) -> (7, 2); (0, 2) -> (7, 2); (0, 7) -> (7, 7); (0, 7) -> (7, 7); (0, 7) -> (7, 7); (0, 7) -> (7, 7); (0, 7) -> (7, 7); 
bccccccba: (2, 1) -> (2, 9); (2, 1) -> (2, 9); (2, 1) -> (2, 9); (2, 1) -> (2, 9); (2, 1) -> (2, 9); (2, 1) -> (2, 9); (2, 1) -> (2, 9); (2, 1) -> (2, 9); (2, 1) -> (2, 9); (7, 1) -> (7, 9); (7, 1) -> (7, 9); (7, 1) -> (7, 9); (7, 1) -> (7, 9); (7, 1) -> (7, 9); (7, 1) -> (7, 9); (7, 1) -> (7, 9); (7, 1) -> (7, 9); (7, 1) -> (7, 9); (1, 2) -> (9, 2); (1, 2) -> (9, 2); (1, 2) -> (9, 2); (1, 2) -> (9, 2); (1, 2) -> (9, 2); (1, 2) -> (9, 2); (1, 2) -> (9, 2); (1, 2) -> (9, 2); (1, 2) -> (9, 2); (1, 7) -> (9, 7); (1, 7) -> (9, 7); (1, 7) -> (9, 7); (1, 7) -> (9, 7); (1, 7) -> (9, 7); (1, 7) -> (9, 7); (1, 7) -> (9, 7); (1, 7) -> (9, 7); (1, 7) -> (9, 7); 
bccccccz: not found
abccccccbz: not found
bcdaadcz: not found
abbbbbbb: (8, 0) -> (8, 7); (8, 0) -> (8, 7); (8, 0) -> (8, 7); (0, 8) -> (7, 8); (0, 8) -> (7, 8); (0, 8) -> (7, 8); 
abbbbbbb: (8, 0) -> (8, 7); (8, 0) -> (8, 7); (8, 0) -> (8, 7); (0, 8) -> (7, 8); (0, 8) -> (7, 8); (0, 8) -> (7, 8); 
abcdaadcb: (4, 0) -> (4, 8); (4, 0) -> (4, 8); (4, 0) -> (4, 8); (4, 0) -> (4, 8); (4, 0) -> (4, 8); (4, 0) -> (4, 8); (5, 0) -> (5, 8); (5, 0) -> (5, 8); (5, 0) -> (5, 8); (5, 0) -> (5, 8); (5, 0) -> (5, 8); (5, 0) -> (5, 8); (0, 4) -> (8, 4); (0, 4) -> (8, 4); (0, 4) -> (8, 4); (0, 4) -> (8, 4); (0, 4) -> (8, 4); (0, 4) -> (8, 4); (0, 5) -> (8, 5); (0, 5) -> (8, 5); (0, 5) -> (8, 5); (0, 5) -> (8, 5); (0, 5) -> (8, 5); (0, 5) -> (8, 5); 
abbbbbbbb: (8, 0) -> (8, 8); (8, 0) -> (8, 8); (8, 0) -> (8, 8); (8, 0) -> (8, 8); (8, 0) -> (8, 8); (8, 0) -> (8, 8); (0, 8) -> (8, 8); (0, 8) -> (8, 8); (0, 8) -> (8, 8); (0, 8) -> (8, 8); (0, 8) -> (8, 8); (0, 8) -> (8, 8); 
abcddddcba: (3, 0) -> (3, 9); (3, 0) -> (3, 9); (3, 0) -> (3, 9); (3, 0) -> (3, 9); (3, 0) -> (3, 9); (3, 0) -> (3, 9); (3, 0) -> (3, 9); (3, 0) -> (3, 9); (3, 0) -> (3, 9); (6, 0) -> (6, 9); (6, 0) -> (6, 9); (6, 0) -> (6, 9); (6, 0) -> (6, 9); (6, 0) -> (6, 9); (6, 0) -> (6, 9); (6, 0) -> (6, 9); (6, 0) -> (6, 9); (6, 0) -> (6, 9); (0, 3) -> (9, 3); (0, 3) -> (9, 3); (0, 3) -> (9, 3); (0, 3) -> (9, 3); (0, 3) -> (9, 3); (0, 3) -> (9, 3); (0, 3) -> (9, 3); (0, 3) -> (9, 3); (0, 3) -> (9, 3); (0, 6) -> (9, 6); (0, 6) -> (9, 6); (0, 6) -> (9, 6); (0, 6) -> (9, 6); (0, 6) -> (9, 6); (0, 6) -> (9, 6); (0, 6) -> (9, 6); (0, 6) -> (9, 6); (0, 6) -> (9, 6); 
abcddddz: not found
bcdaadcba: (4, 1) -> (4, 9); (4, 1) -> (4, 9); (4, 1) -> (4, 9); (4, 1) -> (4, 9); (4, 1) -> (4, 9); (4, 1) -> (4, 9); (4, 1) -> (4, 9); (5, 1) -> (5, 9); (5, 1) -> (5, 9); (5, 1) -> (5, 9); (5, 1) -> (5, 9); (5, 1) -> (5, 9); (5, 1) -> (5, 9); (5, 1) -> (5, 9); (1, 4) -> (9, 4); (1, 4) -> (9, 4); (1, 4) -> (9, 4); (1, 4) -> (9, 4); (1, 4) -> (9, 4); (1, 4) -> (9, 4); (1, 4) -> (9, 4); (1, 5) -> (9, 5); (1, 5) -> (9, 5); (1, 5) -> (9, 5); (1, 5) -> (9, 5); (1, 5) -> (9, 5); (1, 5) -> (9, 5); (1, 5) -> (9, 5); 
abcddddc: (3, 0) -> (3, 7); (3, 0) -> (3, 7); (6, 0) -> (6, 7); (6, 0) -> (6, 7); (0, 3) -> (7, 3); (0, 3) -> (7, 3); (0, 6) -> (7, 6); (0, 6) -> (7, 6); 
ccccccba: (2, 2) -> (2, 9); (2, 2) -> (2, 9); (2, 2) -> (2, 9); (2, 2) -> (2, 9); (2, 2) -> (2, 9); (7, 2) -> (7, 9); (7, 2) -> (7, 9); (7, 2) -> (7, 9); (7, 2) -> (7, 9); (7, 2) -> (7, 9); (2, 2) -> (9, 2); (2, 2) -> (9, 2); (2, 2) -> (9, 2); (2, 2) -> (9, 2); (2, 2) -> (9, 2); (2, 7) -> (9, 7); (2, 7) -> (9, 7); (2, 7) -> (9, 7); (2, 7) -> (9, 7); (2, 7) -> (9, 7); 
aaaaaaaaa: (0, 0) -> (0, 8); (0, 1) -> (0, 9); (0, 0) -> (0, 8); (0, 1) -> (0, 9); (0, 0) -> (0, 8); (0, 1) -> (0, 9); (0, 0) -> (0, 8); (0, 1) -> (0, 9); (0, 0) -> (0, 8); (0, 1) -> (0, 9); (0, 0) -> (0, 8); (0, 1) -> (0, 9); (0, 0) -> (0, 8); (0, 1) -> (0, 9); (0, 0) -> (0, 8); (0, 1) -> (0, 9); (0, 0) -> (0, 8); (0, 1) -> (0, 9); (9, 0) -> (9, 8); (9, 1) -> (9, 9); (9, 0) -> (9, 8); (9, 1) -> (9, 9); (9, 0) -> (9, 8); (9, 1) -> (9, 9); (9, 0) -> (9, 8); (9, 1) -> (9, 9); (9, 0) -> (9, 8); (9, 1) -> (9, 9); (9, 0) -> (9, 8); (9, 1) -> (9, 9); (9, 0) -> (9, 8); (9, 1) -> (9, 9); (9, 0) -> (9, 8); (9, 1) -> (9, 9); (9, 0) -> (9, 8); (9, 1) -> (9, 9); (0, 0) -> (8, 0); (1, 0) -> (9, 0); (0, 0) -> (8, 0); (1, 0) -> (9, 0); (0, 0) -> (8, 0); (1, 0) -> (9, 0); (0, 0) -> (8, 0); (1, 0) -> (9, 0); (0, 0) -> (8, 0); (1, 0) -> (9, 0); (0, 0) -> (8, 0); (1, 0) -> (9, 0); (0, 0) -> (8, 0); (1, 0) -> (9, 0); (0, 0) -> (8, 0); (1, 0) -> (9, 0); (0, 0) -> (8, 0); (1, 0) -> (9, 0); (0, 9) -> (8, 9); (1, 9) -> (9, 9); (0, 9) -> (8, 9); (1, 9) -> (9, 9); (0, 9) -> (8, 9); (1, 9) -> (9, 9); (0, 9) -> (8, 9); (1, 9) -> (9, 9); (0, 9) -> (8, 9); (1, 9) -> (9, 9); (0, 9) -> (8, 9); (1, 9) -> (9, 9); (0, 9) -> (8, 9); (1, 9) -> (9, 9); (0, 9) -> (8, 9); (1, 9) -> (9, 9); (0, 9) -> (8, 9); (1, 9) -> (9, 9); 
bbbbbbbb: (8, 1) -> (8, 8); (8, 1) -> (8, 8); (8, 1) -> (8, 8); (1, 8) -> (8, 8); (1, 8) -> (8, 8); (1, 8) -> (8, 8); 
bcdaadcba: (4, 1) -> (4, 9); (4, 1) -> (4, 9); (4, 1) -> (4, 9); (4, 1) -> (4, 9); (4, 1) -> (4, 9); (4, 1) -> (4, 9); (4, 1) -> (4, 9); (5, 1) -> (5, 9); (5, 1) -> (5, 9); (5, 1) -> (5, 9); (5, 1) -> (5, 9); (5, 1) -> (5, 9); (5, 1) -> (5, 9); (5, 1) -> (5, 9); (1, 4) -> (9, 4); (1, 4) -> (9, 4); (1, 4) -> (9, 4); (1, 4) -> (9, 4); (1, 4) -> (9, 4); (1, 4) -> (9, 4); (1, 4) -> (9, 4); (1, 5) -> (9, 5); (1, 5) -> (9, 5); (1, 5) -> (9, 5); (1, 5) -> (9, 5); (1, 5) -> (9, 5); (1, 5) -> (9, 5); (1, 5) -> (9, 5); 
aaaaaaaaa: (0, 0) -> (0, 8); (0, 1) -> (0, 9); (0, 0) -> (0, 8); (0, 1) -> (0, 9); (0, 0) -> (0, 8); (0, 1) -> (0, 9); (0, 0) -> (0, 8); (0, 1) -> (0, 9); (0, 0) -> (0, 8); (0, 1) -> (0, 9); (0, 0) -> (0, 8); (0, 1) -> (0, 9); (0, 0) -> (0, 8); (0, 1) -> (0, 9); (0, 0) -> (0, 8); (0, 1) -> (0, 9); (0, 0) -> (0, 8); (0, 1) -> (0, 9); (9, 0) -> (9, 8); (9, 1) -> (9, 9); (9, 0) -> (9, 8); (9, 1) -> (9, 9); (9, 0) -> (9, 8); (9, 1) -> (9, 9); (9, 0) -> (9, 8); (9, 1) -> (9, 9); (9, 0) -> (9, 8); (9, 1) -> (9, 9); (9, 0) -> (9, 8); (9, 1) -> (9, 9); (9, 0) -> (9, 8); (9, 1) -> (9, 9); (9, 0) -> (9, 8); (9, 1) -> (9, 9); (9, 0) -> (9, 8); (9, 1) -> (9, 9); (0, 0) -> (8, 0); (1, 0) -> (9, 0); (0, 0) -> (8, 0); (1, 0) -> (9, 0); (0, 0) -> (8, 0); (1, 0) -> (9, 0); (0, 0) -> (8, 0); (1, 0) -> (9, 0); (0, 0) -> (8, 0); (1, 0) -> (9, 0); (0, 0) -> (8, 0); (1, 0) -> (9, 0); (0, 0) -> (8, 0); (1, 0) -> (9, 0); (0, 0) -> (8, 0); (1, 0) -> (9, 0); (0, 0) -> (8, 0); (1, 0) -> (9, 0); (0, 9) -> (8, 9); (1, 9) -> (9, 9); (0, 9) -> (8, 9); (1, 9) -> (9, 9); (0, 9) -> (8, 9); (1, 9) -> (9, 9); (0, 9) -> (8, 9); (1, 9) -> (9, 9); (0, 9) -> (8, 9); (1, 9) -> (9, 9); (0, 9) -> (8, 9); (1, 9) -> (9, 9); (0, 9) -> (8, 9); (1, 9) -> (9, 9); (0, 9) -> (8, 9); (1, 9) -> (9, 9); (0, 9) -> (8, 9); (1, 9) -> (9, 9); 
aaaaaaaa: (0, 0) -> (0, 7); (0, 1) -> (0, 8); (0, 2) -> (0, 9); (0, 0) -> (0, 7); (0, 1) -> (0, 8); (0, 2) -> (0, 9); (0, 0) -> (0, 7); (0, 1) -> (0, 8); (0, 2) -> (0, 9); (0, 0) -> (0, 7); (0, 1) -> (0, 8); (0, 2) -> (0, 9); (0, 0) -> (0, 7); (0, 1) -> (0, 8); (0, 2) -> (0, 9); (0, 0) -> (0, 7); (0, 1) -> (0, 8); (0, 2) -> (0, 9); (0, 0) -> (0, 7); (0, 1) -> (0, 8); (0, 2) -> (0, 9); (0, 0) -> (0, 7); (0, 1) -> (0, 8); (0, 2) -> (0, 9); (0, 0) -> (0, 7); (0, 1) -> (0, 8); (0, 2) -> (0, 9); (0, 0) -> (0, 7); (0, 1) -> (0, 8); (0, 2) -> (0, 9); (0, 0) -> (0, 7); (0, 1) -> (0, 8); (0, 2) -> (0, 9); (9, 0) -> (9, 7); (9, 1) -> (9, 8); (9, 2) -> (9, 9); (9, 0) -> (9, 7); (9, 1) -> (9, 8); (9, 2) -> (9, 9); (9, 0) -> (9, 7); (9, 1) -> (9, 8); (9, 2) -> (9, 9); (9, 0) -> (9, 7); (9, 1) -> (9, 8); (9, 2) -> (9, 9); (9, 0) -> (9, 7); (9, 1) -> (9, 8); (9, 2) -> (9, 9); (9, 0) -> (9, 7); (9, 1) -> (9, 8); (9, 2) -> (9, 9); (9, 0) -> (9, 7); (9, 1) -> (9, 8); (9, 2) -> (9, 9); (9, 0) -> (9, 7); (9, 1) -> (9, 8); (9, 2) -> (9, 9); (9, 0) -> (9, 7); (9, 1) -> (9, 8); (9, 2) -> (9, 9); (9, 0) -> (9, 7); (9, 1) -> (9, 8); (9, 2) -> (9, 9); (9, 0) -> (9, 7); (9, 1) -> (9, 8); (9, 2) -> (9, 9); (0, 0) -> (7, 0); (1, 0) -> (8, 0); (2, 0) -> (9, 0); (0, 0) -> (7, 0); (1, 0) -> (8, 0); (2, 0) -> (9, 0); (0, 0) -> (7, 0); (1, 0) -> (8, 0); (2, 0) -> (9, 0); (0, 0) -> (7, 0); (1, 0) -> (8, 0); (2, 0) -> (9, 0); (0, 0) -> (7, 0); (1, 0) -> (8, 0); (2, 0) -> (9, 0); (0, 0) -> (7, 0); (1, 0) -> (8, 0); (2, 0) -> (9, 0); (0, 0) -> (7, 0); (1, 0) -> (8, 0); (2, 0) -> (9, 0); (0, 0) -> (7, 0); (1, 0) -> (8, 0); (2, 0) -> (9, 0); (0, 0) -> (7, 0); (1, 0) -> (8, 0); (2, 0) -> (9, 0); (0, 0) -> (7, 0); (1, 0) -> (8, 0); (2, 0) -> (9, 0); (0, 0) -> (7, 0); (1, 0) -> (8, 0); (2, 0) -> (9, 0); (0, 9) -> (7, 9); (1, 9) -> (8, 9); (2, 9) -> (9, 9); (0, 9) -> (7, 9); (1, 9) -> (8, 9); (2, 9) -> (9, 9); (0, 9) -> (7, 9); (1, 9) -> (8, 9); (2, 9) -> (9, 9); (0, 9) -> (7, 9); (1, 9) -> (8, 9); (2, 9) -> (9, 9); (0, 9) -> (7, 9); (1, 9) -> (8, 9); (2, 9) -> (9, 9); (0, 9) -> (7, 9); (1, 9) -> (8, 9); (2, 9) -> (9, 9); (0, 9) -> (7, 9); (1, 9) -> (8, 9); (2, 9) -> (9, 9); (0, 9) -> (7, 9); (1, 9) -> (8, 9); (2, 9) -> (9, 9); (0, 9) -> (7, 9); (1, 9) -> (8, 9); (2, 9) -> (9, 9); (0, 9) -> (7, 9); (1, 9) -> (8, 9); (2, 9) -> (9, 9); (0, 9) -> (7, 9); (1, 9) -> (8, 9); (2, 9) -> (9, 9); 
abccccccba: (2, 0) -> (2, 9); (2, 0) -> (2, 9); (2, 0) -> (2, 9); (2, 0) -> (2, 9); (2, 0) -> (2, 9); (7, 0) -> (7, 9); (7, 0) -> (7, 9); (7, 0) -> (7, 9); (7, 0) -> (7, 9); (7, 0) -> (7, 9); (0, 2) -> (9, 2); (0, 2) -> (9, 2); (0, 2) -> (9, 2); (0, 2) -> (9, 2); (0, 2) -> (9, 2); (0, 7) -> (9, 7); (0, 7) -> (9, 7); (0, 7) -> (9, 7); (0, 7) -> (9, 7); (0, 7) -> (9, 7); 
abccccccbz: not found
bccccccba: (2, 1) -> (2, 9); (2, 1) -> (2, 9); (2, 1) -> (2, 9); (2, 1) -> (2, 9); (2, 1) -> (2, 9); (2, 1) -> (2, 9); (2, 1) -> (2, 9); (2, 1) -> (2, 9); (2, 1) -> (2, 9); (7, 1) -> (7, 9); (7, 1) -> (7, 9); (7, 1) -> (7, 9); (7, 1) -> (7, 9); (7, 1) -> (7, 9); (7, 1) -> (7, 9); (7, 1) -> (7, 9); (7, 1) -> (7, 9); (7, 1) -> (7, 9); (1, 2) -> (9, 2); (1, 2) -> (9, 2); (1, 2) -> (9, 2); (1, 2) -> (9, 2); (1, 2) -> (9, 2); (1, 2) -> (9, 2); (1, 2) -> (9, 2); (1, 2) -> (9, 2); (1, 2) -> (9, 2); (1, 7) -> (9, 7); (1, 7) -> (9, 7); (1, 7) -> (9, 7); (1, 7) -> (9, 7); (1, 7) -> (9, 7); (1, 7) -> (9, 7); (1, 7) -> (9, 7); (1, 7) -> (9, 7); (1, 7) -> (9, 7); 
cddddcba: (3, 2) -> (3, 9); (6, 2) -> (6, 9); (2, 3) -> (9, 3); (2, 6) -> (9, 6); 
bccccccba: (2, 1) -> (2, 9); (2, 1) -> (2, 9); (2, 1) -> (2, 9); (2, 1) -> (2, 9); (2, 1) -> (2, 9); (2, 1) -> (2, 9); (2, 1) -> (2, 9); (2, 1) -> (2, 9); (2, 1) -> (2, 9); (7, 1) -> (7, 9); (7, 1) -> (7, 9); (7, 1) -> (7, 9); (7, 1) -> (7, 9); (7, 1) -> (7, 9); (7, 1) -> (7, 9); (7, 1) -> (7, 9); (7, 1) -> (7, 9); (7, 1) -> (7, 9); (1, 2) -> (9, 2); (1, 2) -> (9, 2); (1, 2) -> (9, 2); (1, 2) -> (9, 2); (1, 2) -> (9, 2); (1, 2) -> (9, 2); (1, 2) -> (9, 2); (1, 2) -> (9, 2); (1, 2) -> (9, 2); (1, 7) -> (9, 7); (1, 7) -> (9, 7); (1, 7) -> (9, 7); (1, 7) -> (9, 7); (1, 7) -> (9, 7); (1, 7) -> (9, 7); (1, 7) -> (9, 7); (1, 7) -> (9, 7); (1, 7) -> (9, 7); 
abcddddcbz: not found
bbbbbbbb: (8, 1) -> (8, 8); (8, 1) -> (8, 8); (8, 1) -> (8, 8); (1, 8) -> (8, 8); (1, 8) -> (8, 8); (1, 8) -> (8, 8); 
abcddddcba: (3, 0) -> (3, 9); (3, 0) -> (3, 9); (3, 0) -> (3, 9); (3, 0) -> (3, 9); (3, 0) -> (3, 9); (3, 0) -> (3, 9); (3, 0) -> (3, 9); (3, 0) -> (3, 9); (3, 0) -> (3, 9); (6, 0) -> (6, 9); (6, 0) -> (6, 9); (6, 0) -> (6, 9); (6, 0) -> (6, 9); (6, 0) -> (6, 9); (6, 0) -> (6, 9); (6, 0) -> (6, 9); (6, 0) -> (6, 9); (6, 0) -> (6, 9); (0, 3) -> (9, 3); (0, 3) -> (9, 3); (0, 3) -> (9, 3); (0, 3) -> (9, 3); (0, 3) -> (9, 3); (0, 3) -> (9, 3); (0, 3) -> (9, 3); (0, 3) -> (9, 3); (0, 3) -> (9, 3); (0, 6) -> (9, 6); (0, 6) -> (9, 6); (0, 6) -> (9, 6); (0, 6) -> (9, 6); (0, 6) -> (9, 6); (0, 6) -> (9, 6); (0, 6) -> (9, 6); (0, 6) -> (9, 6); (0, 6) -> (9, 6); 
bccccccba: (2, 1) -> (2, 9); (2, 1) -> (2, 9); (2, 1) -> (2, 9); (2, 1) -> (2, 9); (2, 1) -> (2, 9); (2, 1) -> (2, 9); (2, 1) -> (2, 9); (2, 1) -> (2, 9); (2, 1) -> (2, 9); (7, 1) -> (7, 9); (7, 1) -> (7, 9); (7, 1) -> (7, 9); (7, 1) -> (7, 9); (7, 1) -> (7, 9); (7, 1) -> (7, 9); (7, 1) -> (7, 9); (7, 1) -> (7, 9); (7, 1) -> (7, 9); (1, 2) -> (9, 2); (1, 2) -> (9, 2); (1, 2) -> (9, 2); (1, 2) -> (9, 2); (1, 2) -> (9, 2); (1, 2) -> (9, 2); (1, 2) -> (9, 2); (1, 2) -> (9, 2); (1, 2) -> (9, 2); (1, 7) -> (9, 7); (1, 7) -> (9, 7); (1, 7) -> (9, 7); (1, 7) -> (9, 7); (1, 7) -> (9, 7); (1, 7) -> (9, 7); (1, 7) -> (9, 7); (1, 7) -> (9, 7); (1, 7) -> (9, 7); 
bcdaadcba: (4, 1) -> (4, 9); (4, 1) -> (4, 9); (4, 1) -> (4, 9); (4, 1) -> (4, 9); (4, 1) -> (4, 9); (4, 1) -> (4, 9); (4, 1) -> (4, 9); (5, 1) -> (5, 9); (5, 1) -> (5, 9); (5, 1) -> (5, 9); (5, 1) -> (5, 9); (5, 1) -> (5, 9); (5, 1) -> (5, 9); (5, 1) -> (5, 9); (1, 4) -> (9, 4); (1, 4) -> (9, 4); (1, 4) -> (9, 4); (1, 4) -> (9, 4); (1, 4) -> (9, 4); (1, 4) -> (9, 4); (1, 4) -> (9, 4); (1, 5) -> (9, 5); (1, 5) -> (9, 5); (1, 5) -> (9, 5); (1, 5) -> (9, 5); (1, 5) -> (9, 5); (1, 5) -> (9, 5); (1, 5) -> (9, 5); 
aaaaaaaa: (0, 0) -> (0, 7); (0, 1) -> (0, 8); (0, 2) -> (0, 9); (0, 0) -> (0, 7); (0, 1) -> (0, 8); (0, 2) -> (0, 9); (0, 0) -> (0, 7); (0, 1) -> (0, 8); (0, 2) -> (0, 9); (0, 0) -> (0, 7); (0, 1) -> (0, 8); (0, 2) -> (0, 9); (0, 0) -> (0, 7); (0, 1) -> (0, 8); (0, 2) -> (0, 9); (0, 0) -> (0, 7); (0, 1) -> (0, 8); (0, 2) -> (0, 9); (0, 0) -> (0, 7); (0, 1) -> (0, 8); (0, 2) -> (0, 9); (0, 0) -> (0, 7); (0, 1) -> (0, 8); (0, 2) -> (0, 9); (0, 0) -> (0, 7); (0, 1) -> (0, 8); (0, 2) -> (0, 9); (0, 0) -> (0, 7); (0, 1) -> (0, 8); (0, 2) -> (0, 9); (0, 0) -> (0, 7); (0, 1) -> (0, 8); (0, 2) -> (0, 9); (9, 0) -> (9, 7); (9, 1) -> (9, 8); (9, 2) -> (9, 9); (9, 0) -> (9, 7); (9, 1) -> (9, 8); (9, 2) -> (9, 9); (9, 0) -> (9, 7); (9, 1) -> (9, 8); (9, 2) -> (9, 9); (9, 0) -> (9, 7); (9, 1) -> (9, 8); (9, 2) -> (9, 9); (9, 0) -> (9, 7); (9, 1) -> (9, 8); (9, 2) -> (9, 9); (9, 0) -> (9, 7); (9, 1) -> (9, 8); (9, 2) -> (9, 9); (9, 0) -> (9, 7); (9, 1) -> (9, 8); (9, 2) -> (9, 9); (9, 0) -> (9, 7); (9, 1) -> (9, 8); (9, 2) -> (9, 9); (9, 0) -> (9, 7); (9, 1) -> (9, 8); (9, 2) -> (9, 9); (9, 0) -> (9, 7); (9, 1) -> (9, 8); (9, 2) -> (9, 9); (9, 0) -> (9, 7); (9, 1) -> (9, 8); (9, 2) -> (9, 9); (0, 0) -> (7, 0); (1, 0) -> (8, 0); (2, 0) -> (9, 0); (0, 0) -> (7, 0); (1, 0) -> (8, 0); (2, 0) -> (9, 0); (0, 0) -> (7, 0); (1, 0) -> (8, 0); (2, 0) -> (9, 0); (0, 0) -> (7, 0); (1, 0) -> (8, 0); (2, 0) -> (9, 0); (0, 0) -> (7, 0); (1, 0) -> (8, 0); (2, 0) -> (9, 0); (0, 0) -> (7, 0); (1, 0) -> (8, 0); (2, 0) -> (9, 0); (0, 0) -> (7, 0); (1, 0) -> (8, 0); (2, 0) -> (9, 0); (0, 0) -> (7, 0); (1, 0) -> (8, 0); (2, 0) -> (9, 0); (0, 0) -> (7, 0); (1, 0) -> (8, 0); (2, 0) -> (9, 0); (0, 0) -> (7, 0); (1, 0) -> (8, 0); (2, 0) -> (9, 0); (0, 0) -> (7, 0); (1, 0) -> (8, 0); (2, 0) -> (9, 0); (0, 9) -> (7, 9); (1, 9) -> (8, 9); (2, 9) -> (9, 9); (0, 9) -> (7, 9); (1, 9) -> (8, 9); (2, 9) -> (9, 9); (0, 9) -> (7, 9); (1, 9) -> (8, 9); (2, 9) -> (9, 9); (0, 9) -> (7, 9); (1, 9) -> (8, 9); (2, 9) -> (9, 9); (0, 9) -> (7, 9); (1, 9) -> (8, 9); (2, 9) -> (9, 9); (0, 9) -> (7, 9); (1, 9) -> (8, 9); (2, 9) -> (9, 9); (0, 9) -> (7, 9); (1, 9) -> (8, 9); (2, 9) -> (9, 9); (0, 9) -> (7, 9); (1, 9) -> (8, 9); (2, 9) -> (9, 9); (0, 9) -> (7, 9); (1, 9) -> (8, 9); (2, 9) -> (9, 9); (0, 9) -> (7, 9); (1, 9) -> (8, 9); (2, 9) -> (9, 9); (0, 9) -> (7, 9); (1, 9) -> (8, 9); (2, 9) -> (9, 9); 
abbbbbbz: not found
abcddddcz: not found
abcdaadcba: (4, 0) -> (4, 9); (4, 0) -> (4, 9); (4, 0) -> (4, 9); (4, 0) -> (4, 9); (4, 0) -> (4, 9); (4, 0) -> (4, 9); (4, 0) -> (4, 9); (4, 0) -> (4, 9); (4, 0) -> (4, 9); (5, 0) -> (5, 9); (5, 0) -> (5, 9); (5, 0) -> (5, 9); (5, 0) -> (5, 9); (5, 0) -> (5, 9); (5, 0) -> (5, 9); (5, 0) -> (5, 9); (5, 0) -> (5, 9); (5, 0) -> (5, 9); (0, 4) -> (9, 4); (0, 4) -> (9, 4); (0, 4) -> (9, 4); (0, 4) -> (9, 4); (0, 4) -> (9, 4); (0, 4) -> (9, 4); (0, 4) -> (9, 4); (0, 4) -> (9, 4); (0, 4) -> (9, 4); (0, 5) -> (9, 5); (0, 5) -> (9, 5); (0, 5) -> (9, 5); (0, 5) -> (9, 5); (0, 5) -> (9, 5); (0, 5) -> (9, 5); (0, 5) -> (9, 5); (0, 5) -> (9, 5); (0, 5) -> (9, 5); 
bbbbbbbz: not found
abccccccb: (2, 0) -> (2, 8); (2, 0) -> (2, 8); (2, 0) -> (2, 8); (7, 0) -> (7, 8); (7, 0) -> (7, 8); (7, 0) -> (7, 8); (0, 2) -> (8, 2); (0, 2) -> (8, 2); (0, 2) -> (8, 2); (0, 7) -> (8, 7); (0, 7) -> (8, 7); (0, 7) -> (8, 7); 
bcddddcb: (3, 1) -> (3, 8); (3, 1) -> (3, 8); (6, 1) -> (6, 8); (6, 1) -> (6, 8); (1, 3) -> (8, 3); (1, 3) -> (8, 3); (1, 6) -> (8, 6); (1, 6) -> (8, 6); 
abcdaadcb: (4, 0) -> (4, 8); (4, 0) -> (4, 8); (4, 0) -> (4, 8); (4, 0) -> (4, 8); (4, 0) -> (4, 8); (4, 0) -> (4, 8); (5, 0) -> (5, 8); (5, 0) -> (5, 8); (5, 0) -> (5, 8); (5, 0) -> (5, 8); (5, 0) -> (5, 8); (5, 0) -> (5, 8); (0, 4) -> (8, 4); (0, 4) -> (8, 4); (0, 4) -> (8, 4); (0, 4) -> (8, 4); (0, 4) -> (8, 4); (0, 4) -> (8, 4); (0, 5) -> (8, 5); (0, 5) -> (8, 5); (0, 5) -> (8, 5); (0, 5) -> (8, 5); (0, 5) -> (8, 5); (0, 5) -> (8, 5); 
aaaaaaaa: (0, 0) -> (0, 7); (0, 1) -> (0, 8); (0, 2) -> (0, 9); (0, 0) -> (0, 7); (0, 1) -> (0, 8); (0, 2) -> (0, 9); (0, 0) -> (0, 7); (0, 1) -> (0, 8); (0, 2) -> (0, 9); (0, 0) -> (0, 7); (0, 1) -> (0, 8); (0, 2) -> (0, 9); (0, 0) -> (0, 7); (0, 1) -> (0, 8); (0, 2) -> (0, 9); (0, 0) -> (0, 7); (0, 1) -> (0, 8); (0, 2) -> (0, 9); (0, 0) -> (0, 7); (0, 1) -> (0, 8); (0, 2) -> (0, 9); (0, 0) -> (0, 7); (0, 1) -> (0, 8); (0, 2) -> (0, 9); (0, 0) -> (0, 7); (0, 1) -> (0, 8); (0, 2) -> (0, 9); (0, 0) -> (0, 7); (0, 1) -> (0, 8); (0, 2) -> (0, 9); (0, 0) -> (0, 7); (0, 1) -> (0, 8); (0, 2) -> (0, 9); (9, 0) -> (9, 7); (9, 1) -> (9, 8); (9, 2) -> (9, 9); (9, 0) -> (9, 7); (9, 1) -> (9, 8); (9, 2) -> (9, 9); (9, 0) -> (9, 7); (9, 1) -> (9, 8); (9, 2) -> (9, 9); (9, 0) -> (9, 7); (9, 1) -> (9, 8); (9, 2) -> (9, 9); (9, 0) -> (9, 7); (9, 1) -> (9, 8); (9, 2) -> (9, 9); (9, 0) -> (9, 7); (9, 1) -> (9, 8); (9, 2) -> (9, 9); (9, 0) -> (9, 7); (9, 1) -> (9, 8); (9, 2) -> (9, 9); (9, 0) -> (9, 7); (9, 1) -> (9, 8); (9, 2) -> (9, 9); (9, 0) -> (9, 7); (9, 1) -> (9, 8); (9, 2) -> (9, 9); (9, 0) -> (9, 7); (9, 1) -> (9, 8); (9, 2) -> (9, 9); (9, 0) -> (9, 7); (9, 1) -> (9, 8); (9, 2) -> (9, 9); (0, 0) -> (7, 0); (1, 0) -> (8, 0); (2, 0) -> (9, 0); (0, 0) -> (7, 0); (1, 0) -> (8, 0); (2, 0) -> (9, 0); (0, 0) -> (7, 0); (1, 0) -> (8, 0); (2, 0) -> (9, 0); (0, 0) -> (7, 0); (1, 0) -> (8, 0); (2, 0) -> (9, 0); (0, 0) -> (7, 0); (1, 0) -> (8, 0); (2, 0) -> (9, 0); (0, 0) -> (7, 0); (1, 0) -> (8, 0); (2, 0) -> (9, 0); (0, 0) -> (7, 0); (1, 0) -> (8, 0); (2, 0) -> (9, 0); (0, 0) -> (7, 0); (1, 0) -> (8, 0); (2, 0) -> (9, 0); (0, 0) -> (7, 0); (1, 0) -> (8, 0); (2, 0) -> (9, 0); (0, 0) -> (7, 0); (1, 0) -> (8, 0); (2, 0) -> (9, 0); (0, 0) -> (7, 0); (1, 0) -> (8, 0); (2, 0) -> (9, 0); (0, 9) -> (7, 9); (1, 9) -> (8, 9); (2, 9) -> (9, 9); (0, 9) -> (7, 9); (1, 9) -> (8, 9); (2, 9) -> (9, 9); (0, 9) -> (7, 9); (1, 9) -> (8, 9); (2, 9) -> (9, 9); (0, 9) -> (7, 9); (1, 9) -> (8, 9); (2, 9) -> (9, 9); (0, 9) -> (7, 9); (1, 9) -> (8, 9); (2, 9) -> (9, 9); (0, 9) -> (7, 9); (1, 9) -> (8, 9); (2, 9) -> (9, 9); (0, 9) -> (7, 9); (1, 9) -> (8, 9); (2, 9) -> (9, 9); (0, 9) -> (7, 9); (1, 9) -> (8, 9); (2, 9) -> (9, 9); (0, 9) -> (7, 9); (1, 9) -> (8, 9); (2, 9) -> (9, 9); (0, 9) -> (7, 9); (1, 9) -> (8, 9); (2, 9) -> (9, 9); (0, 9) -> (7, 9); (1, 9) -> (8, 9); (2, 9) -> (9, 9); 
cddddcbz: not found
aaaaaaaa: (0, 0) -> (0, 7); (0, 1) -> (0, 8); (0, 2) -> (0, 9); (0, 0) -> (0, 7); (0, 1) -> (0, 8); (0, 2) -> (0, 9); (0, 0) -> (0, 7); (0, 1) -> (0, 8); (0, 2) -> (0, 9); (0, 0) -> (0, 7); (0, 1) -> (0, 8); (0, 2) -> (0, 9); (0, 0) -> (0, 7); (0, 1) -> (0, 8); (0, 2) -> (0, 9); (0, 0) -> (0, 7); (0, 1) -> (0, 8); (0, 2) -> (0, 9); (0, 0) -> (0, 7); (0, 1) -> (0, 8); (0, 2) -> (0, 9); (0, 0) -> (0, 7); (0, 1) -> (0, 8); (0, 2) -> (0, 9); (0, 0) -> (0, 7); (0, 1) -> (0, 8); (0, 2) -> (0, 9); (0, 0) -> (0, 7); (0, 1) -> (0, 8); (0, 2) -> (0, 9); (0, 0) -> (0, 7); (0, 1) -> (0, 8); (0, 2) -> (0, 9); (9, 0) -> (9, 7); (9, 1) -> (9, 8); (9, 2) -> (9, 9); (9, 0) -> (9, 7); (9, 1) -> (9, 8); (9, 2) -> (9, 9); (9, 0) -> (9, 7); (9, 1) -> (9, 8); (9, 2) -> (9, 9); (9, 0) -> (9, 7); (9, 1) -> (9, 8); (9, 2) -> (9, 9); (9, 0) -> (9, 7); (9, 1) -> (9, 8); (9, 2) -> (9, 9); (9, 0) -> (9, 7); (9, 1) -> (9, 8); (9, 2) -> (9, 9); (9, 0) -> (9, 7); (9, 1) -> (9, 8); (9, 2) -> (9, 9); (9, 0) -> (9, 7); (9, 1) -> (9, 8); (9, 2) -> (9, 9); (9, 0) -> (9, 7); (9, 1) -> (9, 8); (9, 2) -> (9, 9); (9, 0) -> (9, 7); (9, 1) -> (9, 8); (9, 2) -> (9, 9); (9, 0) -> (9, 7); (9, 1) -> (9, 8); (9, 2) -> (9, 9); (0, 0) -> (7, 0); (1, 0) -> (8, 0); (2, 0) -> (9, 0); (0, 0) -> (7, 0); (1, 0) -> (8, 0); (2, 0) -> (9, 0); (0, 0) -> (7, 0); (1, 0) -> (8, 0); (2, 0) -> (9, 0); (0, 0) -> (7, 0); (1, 0) -> (8, 0); (2, 0) -> (9, 0); (0, 0) -> (7, 0); (1, 0) -> (8, 0); (2, 0) -> (9, 0); (0, 0) -> (7, 0); (1, 0) -> (8, 0); (2, 0) -> (9, 0); (0, 0) -> (7, 0); (1, 0) -> (8, 0); (2, 0) -> (9, 0); (0, 0) -> (7, 0); (1, 0) -> (8, 0); (2, 0) -> (9, 0); (0, 0) -> (7, 0); (1, 0) -> (8, 0); (2, 0) -> (9, 0); (0, 0) -> (7, 0); (1, 0) -> (8, 0); (2, 0) -> (9, 0); (0, 0) -> (7, 0); (1, 0) -> (8, 0); (2, 0) -> (9, 0); (0, 9) -> (7, 9); (1, 9) -> (8, 9); (2, 9) -> (9, 9); (0, 9) -> (7, 9); (1, 9) -> (8, 9); (2, 9) -> (9, 9); (0, 9) -> (7, 9); (1, 9) -> (8, 9); (2, 9) -> (9, 9); (0, 9) -> (7, 9); (1, 9) -> (8, 9); (2, 9) -> (9, 9); (0, 9) -> (7, 9); (1, 9) -> (8, 9); (2, 9) -> (9, 9); (0, 9) -> (7, 9); (1, 9) -> (8, 9); (2, 9) -> (9, 9); (0, 9) -> (7, 9); (1, 9) -> (8, 9); (2, 9) -> (9, 9); (0, 9) -> (7, 9); (1, 9) -> (8, 9); (2, 9) -> (9, 9); (0, 9) -> (7, 9); (1, 9) -> (8, 9); (2, 9) -> (9, 9); (0, 9) -> (7, 9); (1, 9) -> (8, 9); (2, 9) -> (9, 9); (0, 9) -> (7, 9); (1, 9) -> (8, 9); (2, 9) -> (9, 9); 
abcddddcz: not found
abcddddcb: (3, 0) -> (3, 8); (3, 0) -> (3, 8); (3, 0) -> (3, 8); (3, 0) -> (3, 8); (6, 0) -> (6, 8); (6, 0) -> (6, 8); (6, 0) -> (6, 8); (6, 0) -> (6, 8); (0, 3) -> (8, 3); (0, 3) -> (8, 3); (0, 3) -> (8, 3); (0, 3) -> (8, 3); (0, 6) -> (8, 6); (0, 6) -> (8, 6); (0, 6) -> (8, 6); (0, 6) -> (8, 6); 
aaaaaaaaz: not found
bccccccb: (2, 1) -> (2, 8); (2, 1) -> (2, 8); (2, 1) -> (2, 8); (2, 1) -> (2, 8); (7, 1) -> (7, 8); (7, 1) -> (7, 8); (7, 1) -> (7, 8); (7, 1) -> (7, 8); (1, 2) -> (8, 2); (1, 2) -> (8, 2); (1, 2) -> (8, 2); (1, 2) -> (8, 2); (1, 7) -> (8, 7); (1, 7) -> (8, 7); (1, 7) -> (8, 7); (1, 7) -> (8, 7); 
bcddddcbz: not found
abcddddcba: (3, 0) -> (3, 9); (3, 0) -> (3, 9); (3, 0) -> (3, 9); (3, 0) -> (3, 9); (3, 0) -> (3, 9); (3, 0) -> (3, 9); (3, 0) -> (3, 9); (3, 0) -> (3, 9); (3, 0) -> (3, 9); (6, 0) -> (6, 9); (6, 0) -> (6, 9); (6, 0) -> (6, 9); (6, 0) -> (6, 9); (6, 0) -> (6, 9); (6, 0) -> (6, 9); (6, 0) -> (6, 9); (6, 0) -> (6, 9); (6, 0) -> (6, 9); (0, 3) -> (9, 3); (0, 3) -> (9, 3); (0, 3) -> (9, 3); (0, 3) -> (9, 3); (0, 3) -> (9, 3); (0, 3) -> (9, 3); (0, 3) -> (9, 3); (0, 3) -> (9, 3); (0, 3) -> (9, 3); (0, 6) -> (9, 6); (0, 6) -> (9, 6); (0, 6) -> (9, 6); (0, 6) -> (9, 6); (0, 6) -> (9, 6); (0, 6) -> (9, 6); (0, 6) -> (9, 6); (0, 6) -> (9, 6); (0, 6) -> (9, 6); 
bcddddcbz: not found
abcddddcba: (3, 0) -> (3, 9); (3, 0) -> (3, 9); (3, 0) -> (3, 9); (3, 0) -> (3, 9); (3, 0) -> (3, 9); (3, 0) -> (3, 9); (3, 0) -> (3, 9); (3, 0) -> (3, 9); (3, 0) -> (3, 9); (6, 0) -> (6, 9); (6, 0) -> (6, 9); (6, 0) -> (6, 9); (6, 0) -> (6, 9); (6, 0) -> (6, 9); (6, 0) -> (6, 9); (6, 0) -> (6, 9); (6, 0) -> (6, 9); (6, 0) -> (6, 9); (0, 3) -> (9, 3); (0, 3) -> (9, 3); (0, 3) -> (9, 3); (0, 3) -> (9, 3); (0, 3) -> (9, 3); (0, 3) -> (9, 3); (0, 3) -> (9, 3); (0, 3) -> (9, 3); (0, 3) -> (9, 3); (0, 6) -> (9, 6); (0, 6) -> (9, 6); (0, 6) -> (9, 6); (0, 6) -> (9, 6); (0, 6) -> (9, 6); (0, 6) -> (9, 6); (0, 6) -> (9, 6); (0, 6) -> (9, 6); (0, 6) -> (9, 6); 
abcddddcba: (3, 0) -> (3, 9); (3, 0) -> (3, 9); (3, 0) -> (3, 9); (3, 0) -> (3, 9); (3, 0) -> (3, 9); (3, 0) -> (3, 9); (3, 0) -> (3, 9); (3, 0) -> (3, 9); (3, 0) -> (3, 9); (6, 0) -> (6, 9); (6, 0) -> (6, 9); (6, 0) -> (6, 9); (6, 0) -> (6, 9); (6, 0) -> (6, 9); (6, 0) -> (6, 9); (6, 0) -> (6, 9); (6, 0) -> (6, 9); (6, 0) -> (6, 9); (0, 3) -> (9, 3); (0, 3) -> (9, 3); (0, 3) -> (9, 3); (0, 3) -> (9, 3); (0, 3) -> (9, 3); (0, 3) -> (9, 3); (0, 3) -> (9, 3); (0, 3) -> (9, 3); (0, 3) -> (9, 3); (0, 6) -> (9, 6); (0, 6) -> (9, 6); (0, 6) -> (9, 6); (0, 6) -> (9, 6); (0, 6) -> (9, 6); (0, 6) -> (9, 6); (0, 6) -> (9, 6); (0, 6) -> (9, 6); (0, 6) -> (9, 6); 
bccccccbz: not found
aaaaaaaaz: not found
abccccccb: (2, 0) -> (2, 8); (2, 0) -> (2, 8); (2, 0) -> (2, 8); (7, 0) -> (7, 8); (7, 0) -> (7, 8); (7, 0) -> (7, 8); (0, 2) -> (8, 2); (0, 2) -> (8, 2); (0, 2) -> (8, 2); (0, 7) -> (8, 7); (0, 7) -> (8, 7); (0, 7) -> (8, 7); 
abcddddz: not found
abcddddcba: (3, 0) -> (3, 9); (3, 0) -> (3, 9); (3, 0) -> (3, 9); (3, 0) -> (3, 9); (3, 0) -> (3, 9); (3, 0) -> (3, 9); (3, 0) -> (3, 9); (3, 0) -> (3, 9); (3, 0) -> (3, 9); (6, 0) -> (6, 9); (6, 0) -> (6, 9); (6, 0) -> (6, 9); (6, 0) -> (6, 9); (6, 0) -> (6, 9); (6, 0) -> (6, 9); (6, 0) -> (6, 9); (6, 0) -> (6, 9); (6, 0) -> (6, 9); (0, 3) -> (9, 3); (0, 3) -> (9, 3); (0, 3) -> (9, 3); (0, 3) -> (9, 3); (0, 3) -> (9, 3); (0, 3) -> (9, 3); (0, 3) -> (9, 3); (0, 3) -> (9, 3); (0, 3) -> (9, 3); (0, 6) -> (9, 6); (0, 6) -> (9, 6); (0, 6) -> (9, 6); (0, 6) -> (9, 6); (0, 6) -> (9, 6); (0, 6) -> (9, 6); (0, 6) -> (9, 6); (0, 6) -> (9, 6); (0, 6) -> (9, 6); 
abcddddcba: (3, 0) -> (3, 9); (3, 0) -> (3, 9); (3, 0) -> (3, 9); (3, 0) -> (3, 9); (3, 0) -> (3, 9); (3, 0) -> (3, 9); (3, 0) -> (3, 9); (3, 0) -> (3, 9); (3, 0) -> (3, 9); (6, 0) -> (6, 9); (6, 0) -> (6, 9); (6, 0) -> (6, 9); (6, 0) -> (6, 9); (6, 0) -> (6, 9); (6, 0) -> (6, 9); (6, 0) -> (6, 9); (6, 0) -> (6, 9); (6, 0) -> (6, 9); (0, 3) -> (9, 3); (0, 3) -> (9, 3); (0, 3) -> (9, 3); (0, 3) -> (9, 3); (0, 3) -> (9, 3); (0, 3) -> (9, 3); (0, 3) -> (9, 3); (0, 3) -> (9, 3); (0, 3) -> (9, 3); (0, 6) -> (9, 6); (0, 6) -> (9, 6); (0, 6) -> (9, 6); (0, 6) -> (9, 6); (0, 6) -> (9, 6); (0, 6) -> (9, 6); (0, 6) -> (9, 6); (0, 6) -> (9, 6); (0, 6) -> (9, 6); 
bcdaadcb: (4, 1) -> (4, 8); (4, 1) -> (4, 8); (4, 1) -> (4, 8); (5, 1) -> (5, 8); (5, 1) -> (5, 8); (5, 1) -> (5, 8); (1, 4) -> (8, 4); (1, 4) -> (8, 4); (1, 4) -> (8, 4); (1, 5) -> (8, 5); (1, 5) -> (8, 5); (1, 5) -> (8, 5); 
ahbbbbbbba: (1, 0) -> (1, 9); (1, 0) -> (1, 9); (1, 0) -> (1, 9); (0, 1) -> (9, 1); (0, 1) -> (9, 1); (0, 1) -> (9, 1); 
abbbbbbbb: (8, 0) -> (8, 8); (8, 0) -> (8, 8); (8, 0) -> (8, 8); (8, 0) -> (8, 8); (8, 0) -> (8, 8); (8, 0) -> (8, 8); (0, 8) -> (8, 8); (0, 8) -> (8, 8); (0, 8) -> (8, 8); (0, 8) -> (8, 8); (0, 8) -> (8, 8); (0, 8) -> (8, 8); 
ahbbbbbb: (1, 0) -> (1, 7); (1, 0) -> (1, 7); (1, 0) -> (1, 7); (1, 0) -> (1, 7); (1, 0) -> (1, 7); (0, 1) -> (7, 1); (0, 1) -> (7, 1); (0, 1) -> (7, 1); (0, 1) -> (7, 1); (0, 1) -> (7, 1); 
ahbbbbbbbz: not found
bcdaadcb: (4, 1) -> (4, 8); (4, 1) -> (4, 8); (4, 1) -> (4, 8); (5, 1) -> (5, 8); (5, 1) -> (5, 8); (5, 1) -> (5, 8); (1, 4) -> (8, 4); (1, 4) -> (8, 4); (1, 4) -> (8, 4); (1, 5) -> (8, 5); (1, 5) -> (8, 5); (1, 5) -> (8, 5); 
abcddddcz: not found
abbbbbbbb: (8, 0) -> (8, 8); (8, 0) -> (8, 8); (8, 0) -> (8, 8); (8, 0) -> (8, 8); (8, 0) -> (8, 8); (8, 0) -> (8, 8); (0, 8) -> (8, 8); (0, 8) -> (8, 8); (0, 8) -> (8, 8); (0, 8) -> (8, 8); (0, 8) -> (8, 8); (0, 8) -> (8, 8); 
bcddddcbz: not found
abbbbbbbba: (8, 0) -> (8, 9); (0, 8) -> (9, 8); 
abcdaadcba: (4, 0) -> (4, 9); (4, 0) -> (4, 9); (4, 0) -> (4, 9); (4, 0) -> (4, 9); (4, 0) -> (4, 9); (4, 0) -> (4, 9); (4, 0) -> (4, 9); (4, 0) -> (4, 9); (4, 0) -> (4, 9); (5, 0) -> (5, 9); (5, 0) -> (5, 9); (5, 0) -> (5, 9); (5, 0) -> (5, 9); (5, 0) -> (5, 9); (5, 0) -> (5, 9); (5, 0) -> (5, 9); (5, 0) -> (5, 9); (5, 0) -> (5, 9); (0, 4) -> (9, 4); (0, 4) -> (9, 4); (0, 4) -> (9, 4); (0, 4) -> (9, 4); (0, 4) -> (9, 4); (0, 4) -> (9, 4); (0, 4) -> (9, 4); (0, 4) -> (9, 4); (0, 4) -> (9, 4); (0, 5) -> (9, 5); (0, 5) -> (9, 5); (0, 5) -> (9, 5); (0, 5) -> (9, 5); (0, 5) -> (9, 5); (0, 5) -> (9, 5); (0, 5) -> (9, 5); (0, 5) -> (9, 5); (0, 5) -> (9, 5); 
aaaaaaaz: not found
bcddddcz: not found
bcddddcba: (3, 1) -> (3, 9); (3, 1) -> (3, 9); (3, 1) -> (3, 9); (3, 1) -> (3, 9); (6, 1) -> (6, 9); (6, 1) -> (6, 9); (6, 1) -> (6, 9); (6, 1) -> (6, 9); (1, 3) -> (9, 3); (1, 3) -> (9, 3); (1, 3) -> (9, 3); (1, 3) -> (9, 3); (1, 6) -> (9, 6); (1, 6) -> (9, 6); (1, 6) -> (9, 6); (1, 6) -> (9, 6); 
ahbbbbbb: (1, 0) -> (1, 7); (1, 0) -> (1, 7); (1, 0) -> (1, 7); (1, 0) -> (1, 7); (1, 0) -> (1, 7); (0, 1) -> (7, 1); (0, 1) -> (7, 1); (0, 1) -> (7, 1); (0, 1) -> (7, 1); (0, 1) -> (7, 1); 
aaaaaaaaaa: (0, 0) -> (0, 9); (0, 0) -> (0, 9); (0, 0) -> (0, 9); (0, 0) -> (0, 9); (0, 0) -> (0, 9); (0, 0) -> (0, 9); (0, 0) -> (0, 9); (0, 0) -> (0, 9); (0, 0) -> (0, 9); (9, 0) -> (9, 9); (9, 0) -> (9, 9); (9, 0) -> (9, 9); (9, 0) -> (9, 9); (9, 0) -> (9, 9); (9, 0) -> (9, 9); (9, 0) -> (9, 9); (9, 0) -> (9, 9); (9, 0) -> (9, 9); (0, 0) -> (9, 0); (0, 0) -> (9, 0); (0, 0) -> (9, 0); (0, 0) -> (9, 0); (0, 0) -> (9, 0); (0, 0) -> (9, 0); (0, 0) -> (9, 0); (0, 0) -> (9, 0); (0, 0) -> (9, 0); (0, 9) -> (9, 9); (0, 9) -> (9, 9); (0, 9) -> (9, 9); (0, 9) -> (9, 9); (0, 9) -> (9, 9); (0, 9) -> (9, 9); (0, 9) -> (9, 9); (0, 9) -> (9, 9); (0, 9) -> (9, 9); 
aaaaaaaz: not found
abcdaadcba: (4, 0) -> (4, 9); (4, 0) -> (4, 9); (4, 0) -> (4, 9); (4, 0) -> (4, 9); (4, 0) -> (4, 9); (4, 0) -> (4, 9); (4, 0) -> (4, 9); (4, 0) -> (4, 9); (4, 0) -> (4, 9); (5, 0) -> (5, 9); (5, 0) -> (5, 9); (5, 0) -> (5, 9); (5, 0) -> (5, 9); (5, 0) -> (5, 9); (5, 0) -> (5, 9); (5, 0) -> (5, 9); (5, 0) -> (5, 9); (5, 0) -> (5, 9); (0, 4) -> (9, 4); (0, 4) -> (9, 4); (0, 4) -> (9, 4); (0, 4) -> (9, 4); (0, 4) -> (9, 4); (0, 4) -> (9, 4); (0, 4) -> (9, 4); (0, 4) -> (9, 4); (0, 4) -> (9, 4); (0, 5) -> (9, 5); (0, 5) -> (9, 5); (0, 5) -> (9, 5); (0, 5) -> (9, 5); (0, 5) -> (9, 5); (0, 5) -> (9, 5); (0, 5) -> (9, 5); (0, 5) -> (9, 5); (0, 5) -> (9, 5); 
aaaaaaaaa: (0, 0) -> (0, 8); (0, 1) -> (0, 9); (0, 0) -> (0, 8); (0, 1) -> (0, 9); (0, 0) -> (0, 8); (0, 1) -> (0, 9); (0, 0) -> (0, 8); (0, 1) -> (0, 9); (0, 0) -> (0, 8); (0, 1) -> (0, 9); (0, 0) -> (0, 8); (0, 1) -> (0, 9); (0, 0) -> (0, 8); (0, 1) -> (0, 9); (0, 0) -> (0, 8); (0, 1) -> (0, 9); (0, 0) -> (0, 8); (0, 1) -> (0, 9); (9, 0) -> (9, 8); (9, 1) -> (9, 9); (9, 0) -> (9, 8); (9, 1) -> (9, 9); (9, 0) -> (9, 8); (9, 1) -> (9, 9); (9, 0) -> (9, 8); (9, 1) -> (9, 9); (9, 0) -> (9, 8); (9, 1) -> (9, 9); (9, 0) -> (9, 8); (9, 1) -> (9, 9); (9, 0) -> (9, 8); (9, 1) -> (9, 9); (9, 0) -> (9, 8); (9, 1) -> (9, 9); (9, 0) -> (9, 8); (9, 1) -> (9, 9); (0, 0) -> (8, 0); (1, 0) -> (9, 0); (0, 0) -> (8, 0); (1, 0) -> (9, 0); (0, 0) -> (8, 0); (1, 0) -> (9, 0); (0, 0) -> (8, 0); (1, 0) -> (9, 0); (0, 0) -> (8, 0); (1, 0) -> (9, 0); (0, 0) -> (8, 0); (1, 0) -> (9, 0); (0, 0) -> (8, 0); (1, 0) -> (9, 0); (0, 0) -> (8, 0); (1, 0) -> (9, 0); (0, 0) -> (8, 0); (1, 0) -> (9, 0); (0, 9) -> (8, 9); (1, 9) -> (9, 9); (0, 9) -> (8, 9); (1, 9) -> (9, 9); (0, 9) -> (8, 9); (1, 9) -> (9, 9); (0, 9) -> (8, 9); (1, 9) -> (9, 9); (0, 9) -> (8, 9); (1, 9) -> (9, 9); (0, 9) -> (8, 9); (1, 9) -> (9, 9); (0, 9) -> (8, 9); (1, 9) -> (9, 9); (0, 9) -> (8, 9); (1, 9) -> (9, 9); (0, 9) -> (8, 9); (1, 9) -> (9, 9); 
abcdaadcba: (4, 0) -> (4, 9); (4, 0) -> (4, 9); (4, 0) -> (4, 9); (4, 0) -> (4, 9); (4, 0) -> (4, 9); (4, 0) -> (4, 9); (4, 0) -> (4, 9); (4, 0) -> (4, 9); (4, 0) -> (4, 9); (5, 0) -> (5, 9); (5, 0) -> (5, 9); (5, 0) -> (5, 9); (5, 0) -> (5, 9); (5, 0) -> (5, 9); (5, 0) -> (5, 9); (5, 0) -> (5, 9); (5, 0) -> (5, 9); (5, 0) -> (5, 9); (0, 4) -> (9, 4); (0, 4) -> (9, 4); (0, 4) -> (9, 4); (0, 4) -> (9, 4); (0, 4) -> (9, 4); (0, 4) -> (9, 4); (0, 4) -> (9, 4); (0, 4) -> (9, 4); (0, 4) -> (9, 4); (0, 5) -> (9, 5); (0, 5) -> (9, 5); (0, 5) -> (9, 5); (0, 5) -> (9, 5); (0, 5) -> (9, 5); (0, 5) -> (9, 5); (0, 5) -> (9, 5); (0, 5) -> (9, 5); (0, 5) -> (9, 5); 
abccccccba: (2, 0) -> (2, 9); (2, 0) -> (2, 9); (2, 0) -> (2, 9); (2, 0) -> (2, 9); (2, 0) -> (2, 9); (7, 0) -> (7, 9); (7, 0) -> (7, 9); (7, 0) -> (7, 9); (7, 0) -> (7, 9); (7, 0) -> (7, 9); (0, 2) -> (9, 2); (0, 2) -> (9, 2); (0, 2) -> (9, 2); (0, 2) -> (9, 2); (0, 2) -> (9, 2); (0, 7) -> (9, 7); (0, 7) -> (9, 7); (0, 7) -> (9, 7); (0, 7) -> (9, 7); (0, 7) -> (9, 7); 
abccccccz: not found
bcddddcba: (3, 1) -> (3, 9); (3, 1) -> (3, 9); (3, 1) -> (3, 9); (3, 1) -> (3, 9); (6, 1) -> (6, 9); (6, 1) -> (6, 9); (6, 1) -> (6, 9); (6, 1) -> (6, 9); (1, 3) -> (9, 3); (1, 3) -> (9, 3); (1, 3) -> (9, 3); (1, 3) -> (9, 3); (1, 6) -> (9, 6); (1, 6) -> (9, 6); (1, 6) -> (9, 6); (1, 6) -> (9, 6); 
bccccccba: (2, 1) -> (2, 9); (2, 1) -> (2, 9); (2, 1) -> (2, 9); (2, 1) -> (2, 9); (2, 1) -> (2, 9); (2, 1) -> (2, 9); (2, 1) -> (2, 9); (2, 1) -> (2, 9); (2, 1) -> (2, 9); (7, 1) -> (7, 9); (7, 1) -> (7, 9); (7, 1) -> (7, 9); (7, 1) -> (7, 9); (7, 1) -> (7, 9); (7, 1) -> (7, 9); (7, 1) -> (7, 9); (7, 1) -> (7, 9); (7, 1) -> (7, 9); (1, 2) -> (9, 2); (1, 2) -> (9, 2); (1, 2) -> (9, 2); (1, 2) -> (9, 2); (1, 2) -> (9, 2); (1, 2) -> (9, 2); (1, 2) -> (9, 2); (1, 2) -> (9, 2); (1, 2) -> (9, 2); (1, 7) -> (9, 7); (1, 7) -> (9, 7); (1, 7) -> (9, 7); (1, 7) -> (9, 7); (1, 7) -> (9, 7); (1, 7) -> (9, 7); (1, 7) -> (9, 7); (1, 7) -> (9, 7); (1, 7) -> (9, 7); 
aaaaaaaaaz: not found
hbbbbbbba: (1, 1) -> (1, 9); (1, 1) -> (1, 9); (1, 1) -> (1, 9); (1, 1) -> (9, 1); (1, 1) -> (9, 1); (1, 1) -> (9, 1); 
aaaaaaaaaz: not found
abccccccbz: not found
abcddddcba: (3, 0) -> (3, 9); (3, 0) -> (3, 9); (3, 0) -> (3, 9); (3, 0) -> (3, 9); (3, 0) -> (3, 9); (3, 0) -> (3, 9); (3, 0) -> (3, 9); (3, 0) -> (3, 9); (3, 0) -> (3, 9); (6, 0) -> (6, 9); (6, 0) -> (6, 9); (6, 0) -> (6, 9); (6, 0) -> (6, 9); (6, 0) -> (6, 9); (6, 0) -> (6, 9); (6, 0) -> (6, 9); (6, 0) -> (6, 9); (6, 0) -> (6, 9); (0, 3) -> (9, 3); (0, 3) -> (9, 3); (0, 3) -> (9, 3); (0, 3) -> (9, 3); (0, 3) -> (9, 3); (0, 3) -> (9, 3); (0, 3) -> (9, 3); (0, 3) -> (9, 3); (0, 3) -> (9, 3); (0, 6) -> (9, 6); (0, 6) -> (9, 6); (0, 6) -> (9, 6); (0, 6) -> (9, 6); (0, 6) -> (9, 6); (0, 6) -> (9, 6); (0, 6) -> (9, 6); (0, 6) -> (9, 6); (0, 6) -> (9, 6); 
abcddddcbz: not found
abccccccba: (2, 0) -> (2, 9); (2, 0) -> (2, 9); (2, 0) -> (2, 9); (2, 0) -> (2, 9); (2, 0) -> (2, 9); (7, 0) -> (7, 9); (7, 0) -> (7, 9); (7, 0) -> (7, 9); (7, 0) -> (7, 9); (7, 0) -> (7, 9); (0, 2) -> (9, 2); (0, 2) -> (9, 2); (0, 2) -> (9, 2); (0, 2) -> (9, 2); (0, 2) -> (9, 2); (0, 7) -> (9, 7); (0, 7) -> (9, 7); (0, 7) -> (9, 7); (0, 7) -> (9, 7); (0, 7) -> (9, 7); 
aaaaaaaa: (0, 0) -> (0, 7); (0, 1) -> (0, 8); (0, 2) -> (0, 9); (0, 0) -> (0, 7); (0, 1) -> (0, 8); (0, 2) -> (0, 9); (0, 0) -> (0, 7); (0, 1) -> (0, 8); (0, 2) -> (0, 9); (0, 0) -> (0, 7); (0, 1) -> (0, 8); (0, 2) -> (0, 9); (0, 0) -> (0, 7); (0, 1) -> (0, 8); (0, 2) -> (0, 9); (0, 0) -> (0, 7); (0, 1) -> (0, 8); (0, 2) -> (0, 9); (0, 0) -> (0, 7); (0, 1) -> (0, 8); (0, 2) -> (0, 9); (0, 0) -> (0, 7); (0, 1) -> (0, 8); (0, 2) -> (0, 9); (0, 0) -> (0, 7); (0, 1) -> (0, 8); (0, 2) -> (0, 9); (0, 0) -> (0, 7); (0, 1) -> (0, 8); (0, 2) -> (0, 9); (0, 0) -> (0, 7); (0, 1) -> (0, 8); (0, 2) -> (0, 9); (9, 0) -> (9, 7); (9, 1) -> (9, 8); (9, 2) -> (9, 9); (9, 0) -> (9, 7); (9, 1) -> (9, 8); (9, 2) -> (9, 9); (9, 0) -> (9, 7); (9, 1) -> (9, 8); (9, 2) -> (9, 9); (9, 0) -> (9, 7); (9, 1) -> (9, 8); (9, 2) -> (9, 9); (9, 0) -> (9, 7); (9, 1) -> (9, 8); (9, 2) -> (9, 9); (9, 0) -> (9, 7); (9, 1) -> (9, 8); (9, 2) -> (9, 9); (9, 0) -> (9, 7); (9, 1) -> (9, 8); (9, 2) -> (9, 9); (9, 0) -> (9, 7); (9, 1) -> (9, 8); (9, 2) -> (9, 9); (9, 0) -> (9, 7); (9, 1) -> (9, 8); (9, 2) -> (9, 9); (9, 0) -> (9, 7); (9, 1) -> (9, 8); (9, 2) -> (9, 9); (9, 0) -> (9, 7); (9, 1) -> (9, 8); (9, 2) -> (9, 9); (0, 0) -> (7, 0); (1, 0) -> (8, 0); (2, 0) -> (9, 0); (0, 0) -> (7, 0); (1, 0) -> (8, 0); (2, 0) -> (9, 0); (0, 0) -> (7, 0); (1, 0) -> (8, 0); (2, 0) -> (9, 0); (0, 0) -> (7, 0); (1, 0) -> (8, 0); (2, 0) -> (9, 0); (0, 0) -> (7, 0); (1, 0) -> (8, 0); (2, 0) -> (9, 0); (0, 0) -> (7, 0); (1, 0) -> (8, 0); (2, 0) -> (9, 0); (0, 0) -> (7, 0); (1, 0) -> (8, 0); (2, 0) -> (9, 0); (0, 0) -> (7, 0); (1, 0) -> (8, 0); (2, 0) -> (9, 0); (0, 0) -> (7, 0); (1, 0) -> (8, 0); (2, 0) -> (9, 0); (0, 0) -> (7, 0); (1, 0) -> (8, 0); (2, 0) -> (9, 0); (0, 0) -> (7, 0); (1, 0) -> (8, 0); (2, 0) -> (9, 0); (0, 9) -> (7, 9); (1, 9) -> (8, 9); (2, 9) -> (9, 9); (0, 9) -> (7, 9); (1, 9) -> (8, 9); (2, 9) -> (9, 9); (0, 9) -> (7, 9); (1, 9) -> (8, 9); (2, 9) -> (9, 9); (0, 9) -> (7, 9); (1, 9) -> (8, 9); (2, 9) -> (9, 9); (0, 9) -> (7, 9); (1, 9) -> (8, 9); (2, 9) -> (9, 9); (0, 9) -> (7, 9); (1, 9) -> (8, 9); (2, 9) -> (9, 9); (0, 9) -> (7, 9); (1, 9) -> (8, 9); (2, 9) -> (9, 9); (0, 9) -> (7, 9); (1, 9) -> (8, 9); (2, 9) -> (9, 9); (0, 9) -> (7, 9); (1, 9) -> (8, 9); (2, 9) -> (9, 9); (0, 9) -> (7, 9); (1, 9) -> (8, 9); (2, 9) -> (9, 9); (0, 9) -> (7, 9); (1, 9) -> (8, 9); (2, 9) -> (9, 9); 
bbbbbbbba: (8, 1) -> (8, 9); (8, 1) -> (8, 9); (8, 1) -> (8, 9); (8, 1) -> (8, 9); (1, 8) -> (9, 8); (1, 8) -> (9, 8); (1, 8) -> (9, 8); (1, 8) -> (9, 8); 
aaaaaaaaaa: (0, 0) -> (0, 9); (0, 0) -> (0, 9); (0, 0) -> (0, 9); (0, 0) -> (0, 9); (0, 0) -> (0, 9); (0, 0) -> (0, 9); (0, 0) -> (0, 9); (0, 0) -> (0, 9); (0, 0) -> (0, 9); (9, 0) -> (9, 9); (9, 0) -> (9, 9); (9, 0) -> (9, 9); (9, 0) -> (9, 9); (9, 0) -> (9, 9); (9, 0) -> (9, 9); (9, 0) -> (9, 9); (9, 0) -> (9, 9); (9, 0) -> (9, 9); (0, 0) -> (9, 0); (0, 0) -> (9, 0); (0, 0) -> (9, 0); (0, 0) -> (9, 0); (0, 0) -> (9, 0); (0, 0) -> (9, 0); (0, 0) -> (9, 0); (0, 0) -> (9, 0); (0, 0) -> (9, 0); (0, 9) -> (9, 9); (0, 9) -> (9, 9); (0, 9) -> (9, 9); (0, 9) -> (9, 9); (0, 9) -> (9, 9); (0, 9) -> (9, 9); (0, 9) -> (9, 9); (0, 9) -> (9, 9); (0, 9) -> (9, 9); 
ccccccba: (2, 2) -> (2, 9); (2, 2) -> (2, 9); (2, 2) -> (2, 9); (2, 2) -> (2, 9); (2, 2) -> (2, 9); (7, 2) -> (7, 9); (7, 2) -> (7, 9); (7, 2) -> (7, 9); (7, 2) -> (7, 9); (7, 2) -> (7, 9); (2, 2) -> (9, 2); (2, 2) -> (9, 2); (2, 2) -> (9, 2); (2, 2) -> (9, 2); (2, 2) -> (9, 2); (2, 7) -> (9, 7); (2, 7) -> (9, 7); (2, 7) -> (9, 7); (2, 7) -> (9, 7); (2, 7) -> (9, 7); 
cddddcbz: not found
ahbbbbbb: (1, 0) -> (1, 7); (1, 0) -> (1, 7); (1, 0) -> (1, 7); (1, 0) -> (1, 7); (1, 0) -> (1, 7); (0, 1) -> (7, 1); (0, 1) -> (7, 1); (0, 1) -> (7, 1); (0, 1) -> (7, 1); (0, 1) -> (7, 1); 
ahbbbbbbba: (1, 0) -> (1, 9); (1, 0) -> (1, 9); (1, 0) -> (1, 9); (0, 1) -> (9, 1); (0, 1) -> (9, 1); (0, 1) -> (9, 1); 
bcddddcba: (3, 1) -> (3, 9); (3, 1) -> (3, 9); (3, 1) -> (3, 9); (3, 1) -> (3, 9); (6, 1) -> (6, 9); (6, 1) -> (6, 9); (6, 1) -> (6, 9); (6, 1) -> (6, 9); (1, 3) -> (9, 3); (1, 3) -> (9, 3); (1, 3) -> (9, 3); (1, 3) -> (9, 3); (1, 6) -> (9, 6); (1, 6) -> (9, 6); (1, 6) -> (9, 6); (1, 6) -> (9, 6); 
bccccccbz: not found
abcdaadcb: (4, 0) -> (4, 8); (4, 0) -> (4, 8); (4, 0) -> (4, 8); (4, 0) -> (4, 8); (4, 0) -> (4, 8); (4, 0) -> (4, 8); (5, 0) -> (5, 8); (5, 0) -> (5, 8); (5, 0) -> (5, 8); (5, 0) -> (5, 8); (5, 0) -> (5, 8); (5, 0) -> (5, 8); (0, 4) -> (8, 4); (0, 4) -> (8, 4); (0, 4) -> (8, 4); (0, 4) -> (8, 4); (0, 4) -> (8, 4); (0, 4) -> (8, 4); (0, 5) -> (8, 5); (0, 5) -> (8, 5); (0, 5) -> (8, 5); (0, 5) -> (8, 5); (0, 5) -> (8, 5); (0, 5) -> (8, 5); 
bbbbbbbba: (8, 1) -> (8, 9); (8, 1) -> (8, 9); (8, 1) -> (8, 9); (8, 1) -> (8, 9); (1, 8) -> (9, 8); (1, 8) -> (9, 8); (1, 8) -> (9, 8); (1, 8) -> (9, 8); 
ahbbbbbbba: (1, 0) -> (1, 9); (1, 0) -> (1, 9); (1, 0) -> (1, 9); (0, 1) -> (9, 1); (0, 1) -> (9, 1); (0, 1) -> (9, 1); 
bccccccb: (2, 1) -> (2, 8); (2, 1) -> (2, 8); (2, 1) -> (2, 8); (2, 1) -> (2, 8); (7, 1) -> (7, 8); (7, 1) -> (7, 8); (7, 1) -> (7, 8); (7, 1) -> (7, 8); (1, 2) -> (8, 2); (1, 2) -> (8, 2); (1, 2) -> (8, 2); (1, 2) -> (8, 2); (1, 7) -> (8, 7); (1, 7) -> (8, 7); (1, 7) -> (8, 7); (1, 7) -> (8, 7); 
bcddddcz: not found
abccccccz: not found
bcddddcba: (3, 1) -> (3, 9); (3, 1) -> (3, 9); (3, 1) -> (3, 9); (3, 1) -> (3, 9); (6, 1) -> (6, 9); (6, 1) -> (6, 9); (6, 1) -> (6, 9); (6, 1) -> (6, 9); (1, 3) -> (9, 3); (1, 3) -> (9, 3); (1, 3) -> (9, 3); (1, 3) -> (9, 3); (1, 6) -> (9, 6); (1, 6) -> (9, 6); (1, 6) -> (9, 6); (1, 6) -> (9, 6); 
bcdaadcba: (4, 1) -> (4, 9); (4, 1) -> (4, 9); (4, 1) -> (4, 9); (4, 1) -> (4, 9); (4, 1) -> (4, 9); (4, 1) -> (4, 9); (4, 1) -> (4, 9); (5, 1) -> (5, 9); (5, 1) -> (5, 9); (5, 1) -> (5, 9); (5, 1) -> (5, 9); (5, 1) -> (5, 9); (5, 1) -> (5, 9); (5, 1) -> (5, 9); (1, 4) -> (9, 4); (1, 4) -> (9, 4); (1, 4) -> (9, 4); (1, 4) -> (9, 4); (1, 4) -> (9, 4); (1, 4) -> (9, 4); (1, 4) -> (9, 4); (1, 5) -> (9, 5); (1, 5) -> (9, 5); (1, 5) -> (9, 5); (1, 5) -> (9, 5); (1, 5) -> (9, 5); (1, 5) -> (9, 5); (1, 5) -> (9, 5); 
abccccccba: (2, 0) -> (2, 9); (2, 0) -> (2, 9); (2, 0) -> (2, 9); (2, 0) -> (2, 9); (2, 0) -> (2, 9); (7, 0) -> (7, 9); (7, 0) -> (7, 9); (7, 0) -> (7, 9); (7, 0) -> (7, 9); (7, 0) -> (7, 9); (0, 2) -> (9, 2); (0, 2) -> (9, 2); (0, 2) -> (9, 2); (0, 2) -> (9, 2); (0, 2) -> (9, 2); (0, 7) -> (9, 7); (0, 7) -> (9, 7); (0, 7) -> (9, 7); (0, 7) -> (9, 7); (0, 7) -> (9, 7); 
aaaaaaaaa: (0, 0) -> (0, 8); (0, 1) -> (0, 9); (0, 0) -> (0, 8); (0, 1) -> (0, 9); (0, 0) -> (0, 8); (0, 1) -> (0, 9); (0, 0) -> (0, 8); (0, 1) -> (0, 9); (0, 0) -> (0, 8); (0, 1) -> (0, 9); (0, 0) -> (0, 8); (0, 1) -> (0, 9); (0, 0) -> (0, 8); (0, 1) -> (0, 9); (0, 0) -> (0, 8); (0, 1) -> (0, 9); (0, 0) -> (0, 8); (0, 1) -> (0, 9); (9, 0) -> (9, 8); (9, 1) -> (9, 9); (9, 0) -> (9, 8); (9, 1) -> (9, 9); (9, 0) -> (9, 8); (9, 1) -> (9, 9); (9, 0) -> (9, 8); (9, 1) -> (9, 9); (9, 0) -> (9, 8); (9, 1) -> (9, 9); (9, 0) -> (9, 8); (9, 1) -> (9, 9); (9, 0) -> (9, 8); (9, 1) -> (9, 9); (9, 0) -> (9, 8); (9, 1) -> (9, 9); (9, 0) -> (9, 8); (9, 1) -> (9, 9); (0, 0) -> (8, 0); (1, 0) -> (9, 0); (0, 0) -> (8, 0); (1, 0) -> (9, 0); (0, 0) -> (8, 0); (1, 0) -> (9, 0); (0, 0) -> (8, 0); (1, 0) -> (9, 0); (0, 0) -> (8, 0); (1, 0) -> (9, 0); (0, 0) -> (8, 0); (1, 0) -> (9, 0); (0, 0) -> (8, 0); (1, 0) -> (9, 0); (0, 0) -> (8, 0); (1, 0) -> (9, 0); (0, 0) -> (8, 0); (1, 0) -> (9, 0); (0, 9) -> (8, 9); (1, 9) -> (9, 9); (0, 9) -> (8, 9); (1, 9) -> (9, 9); (0, 9) -> (8, 9); (1, 9) -> (9, 9); (0, 9) -> (8, 9); (1, 9) -> (9, 9); (0, 9) -> (8, 9); (1, 9) -> (9, 9); (0, 9) -> (8, 9); (1, 9) -> (9, 9); (0, 9) -> (8, 9); (1, 9) -> (9, 9); (0, 9) -> (8, 9); (1, 9) -> (9, 9); (0, 9) -> (8, 9); (1, 9) -> (9, 9); 
ccccccba: (2, 2) -> (2, 9); (2, 2) -> (2, 9); (2, 2) -> (2, 9); (2, 2) -> (2, 9); (2, 2) -> (2, 9); (7, 2) -> (7, 9); (7, 2) -> (7, 9); (7, 2) -> (7, 9); (7, 2) -> (7, 9); (7, 2) -> (7, 9); (2, 2) -> (9, 2); (2, 2) -> (9, 2); (2, 2) -> (9, 2); (2, 2) -> (9, 2); (2, 2) -> (9, 2); (2, 7) -> (9, 7); (2, 7) -> (9, 7); (2, 7) -> (9, 7); (2, 7) -> (9, 7); (2, 7) -> (9, 7); 
bccccccb: (2, 1) -> (2, 8); (2, 1) -> (2, 8); (2, 1) -> (2, 8); (2, 1) -> (2, 8); (7, 1) -> (7, 8); (7, 1) -> (7, 8); (7, 1) -> (7, 8); (7, 1) -> (7, 8); (1, 2) -> (8, 2); (1, 2) -> (8, 2); (1, 2) -> (8, 2); (1, 2) -> (8, 2); (1, 7) -> (8, 7); (1, 7) -> (8, 7); (1, 7) -> (8, 7); (1, 7) -> (8, 7); 
hbbbbbbbz: not found
abbbbbbbb: (8, 0) -> (8, 8); (8, 0) -> (8, 8); (8, 0) -> (8, 8); (8, 0) -> (8, 8); (8, 0) -> (8, 8); (8, 0) -> (8, 8); (0, 8) -> (8, 8); (0, 8) -> (8, 8); (0, 8) -> (8, 8); (0, 8) -> (8, 8); (0, 8) -> (8, 8); (0, 8) -> (8, 8); 
abcccccc: (2, 0) -> (2, 7); (2, 0) -> (2, 7); (2, 0) -> (2, 7); (2, 0) -> (2, 7); (2, 0) -> (2, 7); (7, 0) -> (7, 7); (7, 0) -> (7, 7); (7, 0) -> (7, 7); (7, 0) -> (7, 7); (7, 0) -> (7, 7); (0, 2) -> (7, 2); (0, 2) -> (7, 2); (0, 2) -> (7, 2); (0, 2) -> (7, 2); (0, 2) -> (7, 2); (0, 7) -> (7, 7); (0, 7) -> (7, 7); (0, 7) -> (7, 7); (0, 7) -> (7, 7); (0, 7) -> (7, 7); 
bcddddcbz: not found
abcddddcba: (3, 0) -> (3, 9); (3, 0) -> (3, 9); (3, 0) -> (3, 9); (3, 0) -> (3, 9); (3, 0) -> (3, 9); (3, 0) -> (3, 9); (3, 0) -> (3, 9); (3, 0) -> (3, 9); (3, 0) -> (3, 9); (6, 0) -> (6, 9); (6, 0) -> (6, 9); (6, 0) -> (6, 9); (6, 0) -> (6, 9); (6, 0) -> (6, 9); (6, 0) -> (6, 9); (6, 0) -> (6, 9); (6, 0) -> (6, 9); (6, 0) -> (6, 9); (0, 3) -> (9, 3); (0, 3) -> (9, 3); (0, 3) -> (9, 3); (0, 3) -> (9, 3); (0, 3) -> (9, 3); (0, 3) -> (9, 3); (0, 3) -> (9, 3); (0, 3) -> (9, 3); (0, 3) -> (9, 3); (0, 6) -> (9, 6); (0, 6) -> (9, 6); (0, 6) -> (9, 6); (0, 6) -> (9, 6); (0, 6) -> (9, 6); (0, 6) -> (9, 6); (0, 6) -> (9, 6); (0, 6) -> (9, 6); (0, 6) -> (9, 6); 
ahbbbbbbb: (1, 0) -> (1, 8); (0, 1) -> (8, 1); 
bbbbbbbz: not found
bcdaadcb: (4, 1) -> (4, 8); (4, 1) -> (4, 8); (4, 1) -> (4, 8); (5, 1) -> (5, 8); (5, 1) -> (5, 8); (5, 1) -> (5, 8); (1, 4) -> (8, 4); (1, 4) -> (8, 4); (1, 4) -> (8, 4); (1, 5) -> (8, 5); (1, 5) -> (8, 5); (1, 5) -> (8, 5); 
bbbbbbbba: (8, 1) -> (8, 9); (8, 1) -> (8, 9); (8, 1) -> (8, 9); (8, 1) -> (8, 9); (1, 8) -> (9, 8); (1, 8) -> (9, 8); (1, 8) -> (9, 8); (1, 8) -> (9, 8); 
abcddddz: not found
bbbbbbbbz: not found
bccccccb: (2, 1) -> (2, 8); (2, 1) -> (2, 8); (2, 1) -> (2, 8); (2, 1) -> (2, 8); (7, 1) -> (7, 8); (7, 1) -> (7, 8); (7, 1) -> (7, 8); (7, 1) -> (7, 8); (1, 2) -> (8, 2); (1, 2) -> (8, 2); (1, 2) -> (8, 2); (1, 2) -> (8, 2); (1, 7) -> (8, 7); (1, 7) -> (8, 7); (1, 7) -> (8, 7); (1, 7) -> (8, 7); 
abcddddcbz: not found
aaaaaaaaaa: (0, 0) -> (0, 9); (0, 0) -> (0, 9); (0, 0) -> (0, 9); (0, 0) -> (0, 9); (0, 0) -> (0, 9); (0, 0) -> (0, 9); (0, 0) -> (0, 9); (0, 0) -> (0, 9); (0, 0) -> (0, 9); (9, 0) -> (9, 9); (9, 0) -> (9, 9); (9, 0) -> (9, 9); (9, 0) -> (9, 9); (9, 0) -> (9, 9); (9, 0) -> (9, 9); (9, 0) -> (9, 9); (9, 0) -> (9, 9); (9, 0) -> (9, 9); (0, 0) -> (9, 0); (0, 0) -> (9, 0); (0, 0) -> (9, 0); (0, 0) -> (9, 0); (0, 0) -> (9, 0); (0, 0) -> (9, 0); (0, 0) -> (9, 0); (0, 0) -> (9, 0); (0, 0) -> (9, 0); (0, 9) -> (9, 9); (0, 9) -> (9, 9); (0, 9) -> (9, 9); (0, 9) -> (9, 9); (0, 9) -> (9, 9); (0, 9) -> (9, 9); (0, 9) -> (9, 9); (0, 9) -> (9, 9); (0, 9) -> (9, 9); 
bccccccbz: not found
abcdaadcb: (4, 0) -> (4, 8); (4, 0) -> (4, 8); (4, 0) -> (4, 8); (4, 0) -> (4, 8); (4, 0) -> (4, 8); (4, 0) -> (4, 8); (5, 0) -> (5, 8); (5, 0) -> (5, 8); (5, 0) -> (5, 8); (5, 0) -> (5, 8); (5, 0) -> (5, 8); (5, 0) -> (5, 8); (0, 4) -> (8, 4); (0, 4) -> (8, 4); (0, 4) -> (8, 4); (0, 4) -> (8, 4); (0, 4) -> (8, 4); (0, 4) -> (8, 4); (0, 5) -> (8, 5); (0, 5) -> (8, 5); (0, 5) -> (8, 5); (0, 5) -> (8, 5); (0, 5) -> (8, 5); (0, 5) -> (8, 5); 
abcdaadcb: (4, 0) -> (4, 8); (4, 0) -> (4, 8); (4, 0) -> (4, 8); (4, 0) -> (4, 8); (4, 0) -> (4, 8); (4, 0) -> (4, 8); (5, 0) -> (5, 8); (5, 0) -> (5, 8); (5, 0) -> (5, 8); (5, 0) -> (5, 8); (5, 0) -> (5, 8); (5, 0) -> (5, 8); (0, 4) -> (8, 4); (0, 4) -> (8, 4); (0, 4) -> (8, 4); (0, 4) -> (8, 4); (0, 4) -> (8, 4); (0, 4) -> (8, 4); (0, 5) -> (8, 5); (0, 5) -> (8, 5); (0, 5) -> (8, 5); (0, 5) -> (8, 5); (0, 5) -> (8, 5); (0, 5) -> (8, 5); 
abcdaadcba: (4, 0) -> (4, 9); (4, 0) -> (4, 9); (4, 0) -> (4, 9); (4, 0) -> (4, 9); (4, 0) -> (4, 9); (4, 0) -> (4, 9); (4, 0) -> (4, 9); (4, 0) -> (4, 9); (4, 0) -> (4, 9); (5, 0) -> (5, 9); (5, 0) -> (5, 9); (5, 0) -> (5, 9); (5, 0) -> (5, 9); (5, 0) -> (5, 9); (5, 0) -> (5, 9); (5, 0) -> (5, 9); (5, 0) -> (5, 9); (5, 0) -> (5, 9); (0, 4) -> (9, 4); (0, 4) -> (9, 4); (0, 4) -> (9, 4); (0, 4) -> (9, 4); (0, 4) -> (9, 4); (0, 4) -> (9, 4); (0, 4) -> (9, 4); (0, 4) -> (9, 4); (0, 4) -> (9, 4); (0, 5) -> (9, 5); (0, 5) -> (9, 5); (0, 5) -> (9, 5); (0, 5) -> (9, 5); (0, 5) -> (9, 5); (0, 5) -> (9, 5); (0, 5) -> (9, 5); (0, 5) -> (9, 5); (0, 5) -> (9, 5); 
bcddddcbz: not found
abcdaadcbz: not found
bccccccba: (2, 1) -> (2, 9); (2, 1) -> (2, 9); (2, 1) -> (2, 9); (2, 1) -> (2, 9); (2, 1) -> (2, 9); (2, 1) -> (2, 9); (2, 1) -> (2, 9); (2, 1) -> (2, 9); (2, 1) -> (2, 9); (7, 1) -> (7, 9); (7, 1) -> (7, 9); (7, 1) -> (7, 9); (7, 1) -> (7, 9); (7, 1) -> (7, 9); (7, 1) -> (7, 9); (7, 1) -> (7, 9); (7, 1) -> (7, 9); (7, 1) -> (7, 9); (1, 2) -> (9, 2); (1, 2) -> (9, 2); (1, 2) -> (9, 2); (1, 2) -> (9, 2); (1, 2) -> (9, 2); (1, 2) -> (9, 2); (1, 2) -> (9, 2); (1, 2) -> (9, 2); (1, 2) -> (9, 2); (1, 7) -> (9, 7); (1, 7) -> (9, 7); (1, 7) -> (9, 7); (1, 7) -> (9, 7); (1, 7) -> (9, 7); (1, 7) -> (9, 7); (1, 7) -> (9, 7); (1, 7) -> (9, 7); (1, 7) -> (9, 7); 
hbbbbbbb: (1, 1) -> (1, 8); (1, 1) -> (8, 1); 
aaaaaaaaaz: not found
abcccccc: (2, 0) -> (2, 7); (2, 0) -> (2, 7); (2, 0) -> (2, 7); (2, 0) -> (2, 7); (2, 0) -> (2, 7); (7, 0) -> (7, 7); (7, 0) -> (7, 7); (7, 0) -> (7, 7); (7, 0) -> (7, 7); (7, 0) -> (7, 7); (0, 2) -> (7, 2); (0, 2) -> (7, 2); (0, 2) -> (7, 2); (0, 2) -> (7, 2); (0, 2) -> (7, 2); (0, 7) -> (7, 7); (0, 7) -> (7, 7); (0, 7) -> (7, 7); (0, 7) -> (7, 7); (0, 7) -> (7, 7); 
aaaaaaaaaa: (0, 0) -> (0, 9); (0, 0) -> (0, 9); (0, 0) -> (0, 9); (0, 0) -> (0, 9); (0, 0) -> (0, 9); (0, 0) -> (0, 9); (0, 0) -> (0, 9); (0, 0) -> (0, 9); (0, 0) -> (0, 9); (9, 0) -> (9, 9); (9, 0) -> (9, 9); (9, 0) -> (9, 9); (9, 0) -> (9, 9); (9, 0) -> (9, 9); (9, 0) -> (9, 9); (9, 0) -> (9, 9); (9, 0) -> (9, 9); (9, 0) -> (9, 9); (0, 0) -> (9, 0); (0, 0) -> (9, 0); (0, 0) -> (9, 0); (0, 0) -> (9, 0); (0, 0) -> (9, 0); (0, 0) -> (9, 0); (0, 0) -> (9, 0); (0, 0) -> (9, 0); (0, 0) -> (9, 0); (0, 9) -> (9, 9); (0, 9) -> (9, 9); (0, 9) -> (9, 9); (0, 9) -> (9, 9); (0, 9) -> (9, 9); (0, 9) -> (9, 9); (0, 9) -> (9, 9); (0, 9) -> (9, 9); (0, 9) -> (9, 9); 
abcdaadcbz: not found
bccccccba: (2, 1) -> (2, 9); (2, 1) -> (2, 9); (2, 1) -> (2, 9); (2, 1) -> (2, 9); (2, 1) -> (2, 9); (2, 1) -> (2, 9); (2, 1) -> (2, 9); (2, 1) -> (2, 9); (2, 1) -> (2, 9); (7, 1) -> (7, 9); (7, 1) -> (7, 9); (7, 1) -> (7, 9); (7, 1) -> (7, 9); (7, 1) -> (7, 9); (7, 1) -> (7, 9); (7, 1) -> (7, 9); (7, 1) -> (7, 9); (7, 1) -> (7, 9); (1, 2) -> (9, 2); (1, 2) -> (9, 2); (1, 2) -> (9, 2); (1, 2) -> (9, 2); (1, 2) -> (9, 2); (1, 2) -> (9, 2); (1, 2) -> (9, 2); (1, 2) -> (9, 2); (1, 2) -> (9, 2); (1, 7) -> (9, 7); (1, 7) -> (9, 7); (1, 7) -> (9, 7); (1, 7) -> (9, 7); (1, 7) -> (9, 7); (1, 7) -> (9, 7); (1, 7) -> (9, 7); (1, 7) -> (9, 7); (1, 7) -> (9, 7); 
aaaaaaaa: (0, 0) -> (0, 7); (0, 1) -> (0, 8); (0, 2) -> (0, 9); (0, 0) -> (0, 7); (0, 1) -> (0, 8); (0, 2) -> (0, 9); (0, 0) -> (0, 7); (0, 1) -> (0, 8); (0, 2) -> (0, 9); (0, 0) -> (0, 7); (0, 1) -> (0, 8); (0, 2) -> (0, 9); (0, 0) -> (0, 7); (0, 1) -> (0, 8); (0, 2) -> (0, 9); (0, 0) -> (0, 7); (0, 1) -> (0, 8); (0, 2) -> (0, 9); (0, 0) -> (0, 7); (0, 1) -> (0, 8); (0, 2) -> (0, 9); (0, 0) -> (0, 7); (0, 1) -> (0, 8); (0, 2) -> (0, 9); (0, 0) -> (0, 7); (0, 1) -> (0, 8); (0, 2) -> (0, 9); (0, 0) -> (0, 7); (0, 1) -> (0, 8); (0, 2) -> (0, 9); (0, 0) -> (0, 7); (0, 1) -> (0, 8); (0, 2) -> (0, 9); (9, 0) -> (9, 7); (9, 1) -> (9, 8); (9, 2) -> (9, 9); (9, 0) -> (9, 7); (9, 1) -> (9, 8); (9, 2) -> (9, 9); (9, 0) -> (9, 7); (9, 1) -> (9, 8); (9, 2) -> (9, 9); (9, 0) -> (9, 7); (9, 1) -> (9, 8); (9, 2) -> (9, 9); (9, 0) -> (9, 7); (9, 1) -> (9, 8); (9, 2) -> (9, 9); (9, 0) -> (9, 7); (9, 1) -> (9, 8); (9, 2) -> (9, 9); (9, 0) -> (9, 7); (9, 1) -> (9, 8); (9, 2) -> (9, 9); (9, 0) -> (9, 7); (9, 1) -> (9, 8); (9, 2) -> (9, 9); (9, 0) -> (9, 7); (9, 1) -> (9, 8); (9, 2) -> (9, 9); (9, 0) -> (9, 7); (9, 1) -> (9, 8); (9, 2) -> (9, 9); (9, 0) -> (9, 7); (9, 1) -> (9, 8); (9, 2) -> (9, 9); (0, 0) -> (7, 0); (1, 0) -> (8, 0); (2, 0) -> (9, 0); (0, 0) -> (7, 0); (1, 0) -> (8, 0); (2, 0) -> (9, 0); (0, 0) -> (7, 0); (1, 0) -> (8, 0); (2, 0) -> (9, 0); (0, 0) -> (7, 0); (1, 0) -> (8, 0); (2, 0) -> (9, 0); (0, 0) -> (7, 0); (1, 0) -> (8, 0); (2, 0) -> (9, 0); (0, 0) -> (7, 0); (1, 0) -> (8, 0); (2, 0) -> (9, 0); (0, 0) -> (7, 0); (1, 0) -> (8, 0); (2, 0) -> (9, 0); (0, 0) -> (7, 0); (1, 0) -> (8, 0); (2, 0) -> (9, 0); (0, 0) -> (7, 0); (1, 0) -> (8, 0); (2, 0) -> (9, 0); (0, 0) -> (7, 0); (1, 0) -> (8, 0); (2, 0) -> (9, 0); (0, 0) -> (7, 0); (1, 0) -> (8, 0); (2, 0) -> (9, 0); (0, 9) -> (7, 9); (1, 9) -> (8, 9); (2, 9) -> (9, 9); (0, 9) -> (7, 9); (1, 9) -> (8, 9); (2, 9) -> (9, 9); (0, 9) -> (7, 9); (1, 9) -> (8, 9); (2, 9) -> (9, 9); (0, 9) -> (7, 9); (1, 9) -> (8, 9); (2, 9) -> (9, 9); (0, 9) -> (7, 9); (1, 9) -> (8, 9); (2, 9) -> (9, 9); (0, 9) -> (7, 9); (1, 9) -> (8, 9); (2, 9) -> (9, 9); (0, 9) -> (7, 9); (1, 9) -> (8, 9); (2, 9) -> (9, 9); (0, 9) -> (7, 9); (1, 9) -> (8, 9); (2, 9) -> (9, 9); (0, 9) -> (7, 9); (1, 9) -> (8, 9); (2, 9) -> (9, 9); (0, 9) -> (7, 9); (1, 9) -> (8, 9); (2, 9) -> (9, 9); (0, 9) -> (7, 9); (1, 9) -> (8, 9); (2, 9) -> (9, 9); 
bcdaadcba: (4, 1) -> (4, 9); (4, 1) -> (4, 9); (4, 1) -> (4, 9); (4, 1) -> (4, 9); (4, 1) -> (4, 9); (4, 1) -> (4, 9); (4, 1) -> (4, 9); (5, 1) -> (5, 9); (5, 1) -> (5, 9); (5, 1) -> (5, 9); (5, 1) -> (5, 9); (5, 1) -> (5, 9); (5, 1) -> (5, 9); (5, 1) -> (5, 9); (1, 4) -> (9, 4); (1, 4) -> (9, 4); (1, 4) -> (9, 4); (1, 4) -> (9, 4); (1, 4) -> (9, 4); (1, 4) -> (9, 4); (1, 4) -> (9, 4); (1, 5) -> (9, 5); (1, 5) -> (9, 5); (1, 5) -> (9, 5); (1, 5) -> (9, 5); (1, 5) -> (9, 5); (1, 5) -> (9, 5); (1, 5) -> (9, 5); 
aaaaaaaz: not found
bbbbbbbba: (8, 1) -> (8, 9); (8, 1) -> (8, 9); (8, 1) -> (8, 9); (8, 1) -> (8, 9); (1, 8) -> (9, 8); (1, 8) -> (9, 8); (1, 8) -> (9, 8); (1, 8) -> (9, 8); 
aaaaaaaa: (0, 0) -> (0, 7); (0, 1) -> (0, 8); (0, 2) -> (0, 9); (0, 0) -> (0, 7); (0, 1) -> (0, 8); (0, 2) -> (0, 9); (0, 0) -> (0, 7); (0, 1) -> (0, 8); (0, 2) -> (0, 9); (0, 0) -> (0, 7); (0, 1) -> (0, 8); (0, 2) -> (0, 9); (0, 0) -> (0, 7); (0, 1) -> (0, 8); (0, 2) -> (0, 9); (0, 0) -> (0, 7); (0, 1) -> (0, 8); (0, 2) -> (0, 9); (0, 0) -> (0, 7); (0, 1) -> (0, 8); (0, 2) -> (0, 9); (0, 0) -> (0, 7); (0, 1) -> (0, 8); (0, 2) -> (0, 9); (0, 0) -> (0, 7); (0, 1) -> (0, 8); (0, 2) -> (0, 9); (0, 0) -> (0, 7); (0, 1) -> (0, 8); (0, 2) -> (0, 9); (0, 0) -> (0, 7); (0, 1) -> (0, 8); (0, 2) -> (0, 9); (9, 0) -> (9, 7); (9, 1) -> (9, 8); (9, 2) -> (9, 9); (9, 0) -> (9, 7); (9, 1) -> (9, 8); (9, 2) -> (9, 9); (9, 0) -> (9, 7); (9, 1) -> (9, 8); (9, 2) -> (9, 9); (9, 0) -> (9, 7); (9, 1) -> (9, 8); (9, 2) -> (9, 9); (9, 0) -> (9, 7); (9, 1) -> (9, 8); (9, 2) -> (9, 9); (9, 0) -> (9, 7); (9, 1) -> (9, 8); (9, 2) -> (9, 9); (9, 0) -> (9, 7); (9, 1) -> (9, 8); (9, 2) -> (9, 9); (9, 0) -> (9, 7); (9, 1) -> (9, 8); (9, 2) -> (9, 9); (9, 0) -> (9, 7); (9, 1) -> (9, 8); (9, 2) -> (9, 9); (9, 0) -> (9, 7); (9, 1) -> (9, 8); (9, 2) -> (9, 9); (9, 0) -> (9, 7); (9, 1) -> (9, 8); (9, 2) -> (9, 9); (0, 0) -> (7, 0); (1, 0) -> (8, 0); (2, 0) -> (9, 0); (0, 0) -> (7, 0); (1, 0) -> (8, 0); (2, 0) -> (9, 0); (0, 0) -> (7, 0); (1, 0) -> (8, 0); (2, 0) -> (9, 0); (0, 0) -> (7, 0); (1, 0) -> (8, 0); (2, 0) -> (9, 0); (0, 0) -> (7, 0); (1, 0) -> (8, 0); (2, 0) -> (9, 0); (0, 0) -> (7, 0); (1, 0) -> (8, 0); (2, 0) -> (9, 0); (0, 0) -> (7, 0); (1, 0) -> (8, 0); (2, 0) -> (9, 0); (0, 0) -> (7, 0); (1, 0) -> (8, 0); (2, 0) -> (9, 0); (0, 0) -> (7, 0); (1, 0) -> (8, 0); (2, 0) -> (9, 0); (0, 0) -> (7, 0); (1, 0) -> (8, 0); (2, 0) -> (9, 0); (0, 0) -> (7, 0); (1, 0) -> (8, 0); (2, 0) -> (9, 0); (0, 9) -> (7, 9); (1, 9) -> (8, 9); (2, 9) -> (9, 9); (0, 9) -> (7, 9); (1, 9) -> (8, 9); (2, 9) -> (9, 9); (0, 9) -> (7, 9); (1, 9) -> (8, 9); (2, 9) -> (9, 9); (0, 9) -> (7, 9); (1, 9) -> (8, 9); (2, 9) -> (9, 9); (0, 9) -> (7, 9); (1, 9) -> (8, 9); (2, 9) -> (9, 9); (0, 9) -> (7, 9); (1, 9) -> (8, 9); (2, 9) -> (9, 9); (0, 9) -> (7, 9); (1, 9) -> (8, 9); (2, 9) -> (9, 9); (0, 9) -> (7, 9); (1, 9) -> (8, 9); (2, 9) -> (9, 9); (0, 9) -> (7, 9); (1, 9) -> (8, 9); (2, 9) -> (9, 9); (0, 9) -> (7, 9); (1, 9) -> (8, 9); (2, 9) -> (9, 9); (0, 9) -> (7, 9); (1, 9) -> (8, 9); (2, 9) -> (9, 9); 
bccccccba: (2, 1) -> (2, 9); (2, 1) -> (2, 9); (2, 1) -> (2, 9); (2, 1) -> (2, 9); (2, 1) -> (2, 9); (2, 1) -> (2, 9); (2, 1) -> (2, 9); (2, 1) -> (2, 9); (2, 1) -> (2, 9); (7, 1) -> (7, 9); (7, 1) -> (7, 9); (7, 1) -> (7, 9); (7, 1) -> (7, 9); (7, 1) -> (7, 9); (7, 1) -> (7, 9); (7, 1) -> (7, 9); (7, 1) -> (7, 9); (7, 1) -> (7, 9); (1, 2) -> (9, 2); (1, 2) -> (9, 2); (1, 2) -> (9, 2); (1, 2) -> (9, 2); (1, 2) -> (9, 2); (1, 2) -> (9, 2); (1, 2) -> (9, 2); (1, 2) -> (9, 2); (1, 2) -> (9, 2); (1, 7) -> (9, 7); (1, 7) -> (9, 7); (1, 7) -> (9, 7); (1, 7) -> (9, 7); (1, 7) -> (9, 7); (1, 7) -> (9, 7); (1, 7) -> (9, 7); (1, 7) -> (9, 7); (1, 7) -> (9, 7); 
abcdaadcba: (4, 0) -> (4, 9); (4, 0) -> (4, 9); (4, 0) -> (4, 9); (4, 0) -> (4, 9); (4, 0) -> (4, 9); (4, 0) -> (4, 9); (4, 0) -> (4, 9); (4, 0) -> (4, 9); (4, 0) -> (4, 9); (5, 0) -> (5, 9); (5, 0) -> (5, 9); (5, 0) -> (5, 9); (5, 0) -> (5, 9); (5, 0) -> (5, 9); (5, 0) -> (5, 9); (5, 0) -> (5, 9); (5, 0) -> (5, 9); (5, 0) -> (5, 9); (0, 4) -> (9, 4); (0, 4) -> (9, 4); (0, 4) -> (9, 4); (0, 4) -> (9, 4); (0, 4) -> (9, 4); (0, 4) -> (9, 4); (0, 4) -> (9, 4); (0, 4) -> (9, 4); (0, 4) -> (9, 4); (0, 5) -> (9, 5); (0, 5) -> (9, 5); (0, 5) -> (9, 5); (0, 5) -> (9, 5); (0, 5) -> (9, 5); (0, 5) -> (9, 5); (0, 5) -> (9, 5); (0, 5) -> (9, 5); (0, 5) -> (9, 5); 
abcddddcb: (3, 0) -> (3, 8); (3, 0) -> (3, 8); (3, 0) -> (3, 8); (3, 0) -> (3, 8); (6, 0) -> (6, 8); (6, 0) -> (6, 8); (6, 0) -> (6, 8); (6, 0) -> (6, 8); (0, 3) -> (8, 3); (0, 3) -> (8, 3); (0, 3) -> (8, 3); (0, 3) -> (8, 3); (0, 6) -> (8, 6); (0, 6) -> (8, 6); (0, 6) -> (8, 6); (0, 6) -> (8, 6); 
ahbbbbbb: (1, 0) -> (1, 7); (1, 0) -> (1, 7); (1, 0) -> (1, 7); (1, 0) -> (1, 7); (1, 0) -> (1, 7); (0, 1) -> (7, 1); (0, 1) -> (7, 1); (0, 1) -> (7, 1); (0, 1) -> (7, 1); (0, 1) -> (7, 1); 
abbbbbbb: (8, 0) -> (8, 7); (8, 0) -> (8, 7); (8, 0) -> (8, 7); (0, 8) -> (7, 8); (0, 8) -> (7, 8); (0, 8) -> (7, 8); 
aaaaaaaa: (0, 0) -> (0, 7); (0, 1) -> (0, 8); (0, 2) -> (0, 9); (0, 0) -> (0, 7); (0, 1) -> (0, 8); (0, 2) -> (0, 9); (0, 0) -> (0, 7); (0, 1) -> (0, 8); (0, 2) -> (0, 9); (0, 0) -> (0, 7); (0, 1) -> (0, 8); (0, 2) -> (0, 9); (0, 0) -> (0, 7); (0, 1) -> (0, 8); (0, 2) -> (0, 9); (0, 0) -> (0, 7); (0, 1) -> (0, 8); (0, 2) -> (0, 9); (0, 0) -> (0, 7); (0, 1) -> (0, 8); (0, 2) -> (0, 9); (0, 0) -> (0, 7); (0, 1) -> (0, 8); (0, 2) -> (0, 9); (0, 0) -> (0, 7); (0, 1) -> (0, 8); (0, 2) -> (0, 9); (0, 0) -> (0, 7); (0, 1) -> (0, 8); (0, 2) -> (0, 9); (0, 0) -> (0, 7); (0, 1) -> (0, 8); (0, 2) -> (0, 9); (9, 0) -> (9, 7); (9, 1) -> (9, 8); (9, 2) -> (9, 9); (9, 0) -> (9, 7); (9, 1) -> (9, 8); (9, 2) -> (9, 9); (9, 0) -> (9, 7); (9, 1) -> (9, 8); (9, 2) -> (9, 9); (9, 0) -> (9, 7); (9, 1) -> (9, 8); (9, 2) -> (9, 9); (9, 0) -> (9, 7); (9, 1) -> (9, 8); (9, 2) -> (9, 9); (9, 0) -> (9, 7); (9, 1) -> (9, 8); (9, 2) -> (9, 9); (9, 0) -> (9, 7); (9, 1) -> (9, 8); (9, 2) -> (9, 9); (9, 0) -> (9, 7); (9, 1) -> (9, 8); (9, 2) -> (9, 9); (9, 0) -> (9, 7); (9, 1) -> (9, 8); (9, 2) -> (9, 9); (9, 0) -> (9, 7); (9, 1) -> (9, 8); (9, 2) -> (9, 9); (9, 0) -> (9, 7); (9, 1) -> (9, 8); (9, 2) -> (9, 9); (0, 0) -> (7, 0); (1, 0) -> (8, 0); (2, 0) -> (9, 0); (0, 0) -> (7, 0); (1, 0) -> (8, 0); (2, 0) -> (9, 0); (0, 0) -> (7, 0); (1, 0) -> (8, 0); (2, 0) -> (9, 0); (0, 0) -> (7, 0); (1, 0) -> (8, 0); (2, 0) -> (9, 0); (0, 0) -> (7, 0); (1, 0) -> (8, 0); (2, 0) -> (9, 0); (0, 0) -> (7, 0); (1, 0) -> (8, 0); (2, 0) -> (9, 0); (0, 0) -> (7, 0); (1, 0) -> (8, 0); (2, 0) -> (9, 0); (0, 0) -> (7, 0); (1, 0) -> (8, 0); (2, 0) -> (9, 0); (0, 0) -> (7, 0); (1, 0) -> (8, 0); (2, 0) -> (9, 0); (0, 0) -> (7, 0); (1, 0) -> (8, 0); (2, 0) -> (9, 0); (0, 0) -> (7, 0); (1, 0) -> (8, 0); (2, 0) -> (9, 0); (0, 9) -> (7, 9); (1, 9) -> (8, 9); (2, 9) -> (9, 9); (0, 9) -> (7, 9); (1, 9) -> (8, 9); (2, 9) -> (9, 9); (0, 9) -> (7, 9); (1, 9) -> (8, 9); (2, 9) -> (9, 9); (0, 9) -> (7, 9); (1, 9) -> (8, 9); (2, 9) -> (9, 9); (0, 9) -> (7, 9); (1, 9) -> (8, 9); (2, 9) -> (9, 9); (0, 9) -> (7, 9); (1, 9) -> (8, 9); (2, 9) -> (9, 9); (0, 9) -> (7, 9); (1, 9) -> (8, 9); (2, 9) -> (9, 9); (0, 9) -> (7, 9); (1, 9) -> (8, 9); (2, 9) -> (9, 9); (0, 9) -> (7, 9); (1, 9) -> (8, 9); (2, 9) -> (9, 9); (0, 9) -> (7, 9); (1, 9) -> (8, 9); (2, 9) -> (9, 9); (0, 9) -> (7, 9); (1, 9) -> (8, 9); (2, 9) -> (9, 9); 
aaaaaaaa: (0, 0) -> (0, 7); (0, 1) -> (0, 8); (0, 2) -> (0, 9); (0, 0) -> (0, 7); (0, 1) -> (0, 8); (0, 2) -> (0, 9); (0, 0) -> (0, 7); (0, 1) -> (0, 8); (0, 2) -> (0, 9); (0, 0) -> (0, 7); (0, 1) -> (0, 8); (0, 2) -> (0, 9); (0, 0) -> (0, 7); (0, 1) -> (0, 8); (0, 2) -> (0, 9); (0, 0) -> (0, 7); (0, 1) -> (0, 8); (0, 2) -> (0, 9); (0, 0) -> (0, 7); (0, 1) -> (0, 8); (0, 2) -> (0, 9); (0, 0) -> (0, 7); (0, 1) -> (0, 8); (0, 2) -> (0, 9); (0, 0) -> (0, 7); (0, 1) -> (0, 8); (0, 2) -> (0, 9); (0, 0) -> (0, 7); (0, 1) -> (0, 8); (0, 2) -> (0, 9); (0, 0) -> (0, 7); (0, 1) -> (0, 8); (0, 2) -> (0, 9); (9, 0) -> (9, 7); (9, 1) -> (9, 8); (9, 2) -> (9, 9); (9, 0) -> (9, 7); (9, 1) -> (9, 8); (9, 2) -> (9, 9); (9, 0) -> (9, 7); (9, 1) -> (9, 8); (9, 2) -> (9, 9); (9, 0) -> (9, 7); (9, 1) -> (9, 8); (9, 2) -> (9, 9); (9, 0) -> (9, 7); (9, 1) -> (9, 8); (9, 2) -> (9, 9); (9, 0) -> (9, 7); (9, 1) -> (9, 8); (9, 2) -> (9, 9); (9, 0) -> (9, 7); (9, 1) -> (9, 8); (9, 2) -> (9, 9); (9, 0) -> (9, 7); (9, 1) -> (9, 8); (9, 2) -> (9, 9); (9, 0) -> (9, 7); (9, 1) -> (9, 8); (9, 2) -> (9, 9); (9, 0) -> (9, 7); (9, 1) -> (9, 8); (9, 2) -> (9, 9); (9, 0) -> (9, 7); (9, 1) -> (9, 8); (9, 2) -> (9, 9); (0, 0) -> (7, 0); (1, 0) -> (8, 0); (2, 0) -> (9, 0); (0, 0) -> (7, 0); (1, 0) -> (8, 0); (2, 0) -> (9, 0); (0, 0) -> (7, 0); (1, 0) -> (8, 0); (2, 0) -> (9, 0); (0, 0) -> (7, 0); (1, 0) -> (8, 0); (2, 0) -> (9, 0); (0, 0) -> (7, 0); (1, 0) -> (8, 0); (2, 0) -> (9, 0); (0, 0) -> (7, 0); (1, 0) -> (8, 0); (2, 0) -> (9, 0); (0, 0) -> (7, 0); (1, 0) -> (8, 0); (2, 0) -> (9, 0); (0, 0) -> (7, 0); (1, 0) -> (8, 0); (2, 0) -> (9, 0); (0, 0) -> (7, 0); (1, 0) -> (8, 0); (2, 0) -> (9, 0); (0, 0) -> (7, 0); (1, 0) -> (8, 0); (2, 0) -> (9, 0); (0, 0) -> (7, 0); (1, 0) -> (8, 0); (2, 0) -> (9, 0); (0, 9) -> (7, 9); (1, 9) -> (8, 9); (2, 9) -> (9, 9); (0, 9) -> (7, 9); (1, 9) -> (8, 9); (2, 9) -> (9, 9); (0, 9) -> (7, 9); (1, 9) -> (8, 9); (2, 9) -> (9, 9); (0, 9) -> (7, 9); (1, 9) -> (8, 9); (2, 9) -> (9, 9); (0, 9) -> (7, 9); (1, 9) -> (8, 9); (2, 9) -> (9, 9); (0, 9) -> (7, 9); (1, 9) -> (8, 9); (2, 9) -> (9, 9); (0, 9) -> (7, 9); (1, 9) -> (8, 9); (2, 9) -> (9, 9); (0, 9) -> (7, 9); (1, 9) -> (8, 9); (2, 9) -> (9, 9); (0, 9) -> (7, 9); (1, 9) -> (8, 9); (2, 9) -> (9, 9); (0, 9) -> (7, 9); (1, 9) -> (8, 9); (2, 9) -> (9, 9); (0, 9) -> (7, 9); (1, 9) -> (8, 9); (2, 9) -> (9, 9); 
abcdaadcba: (4, 0) -> (4, 9); (4, 0) -> (4, 9); (4, 0) -> (4, 9); (4, 0) -> (4, 9); (4, 0) -> (4, 9); (4, 0) -> (4, 9); (4, 0) -> (4, 9); (4, 0) -> (4, 9); (4, 0) -> (4, 9); (5, 0) -> (5, 9); (5, 0) -> (5, 9); (5, 0) -> (5, 9); (5, 0) -> (5, 9); (5, 0) -> (5, 9); (5, 0) -> (5, 9); (5, 0) -> (5, 9); (5, 0) -> (5, 9); (5, 0) -> (5, 9); (0, 4) -> (9, 4); (0, 4) -> (9, 4); (0, 4) -> (9, 4); (0, 4) -> (9, 4); (0, 4) -> (9, 4); (0, 4) -> (9, 4); (0, 4) -> (9, 4); (0, 4) -> (9, 4); (0, 4) -> (9, 4); (0, 5) -> (9, 5); (0, 5) -> (9, 5); (0, 5) -> (9, 5); (0, 5) -> (9, 5); (0, 5) -> (9, 5); (0, 5) -> (9, 5); (0, 5) -> (9, 5); (0, 5) -> (9, 5); (0, 5) -> (9, 5); 
abbbbbbz: not found
ahbbbbbbbz: not found
aaaaaaaaaa: (0, 0) -> (0, 9); (0, 0) -> (0, 9); (0, 0) -> (0, 9); (0, 0) -> (0, 9); (0, 0) -> (0, 9); (0, 0) -> (0, 9); (0, 0) -> (0, 9); (0, 0) -> (0, 9); (0, 0) -> (0, 9); (9, 0) -> (9, 9); (9, 0) -> (9, 9); (9, 0) -> (9, 9); (9, 0) -> (9, 9); (9, 0) -> (9, 9); (9, 0) -> (9, 9); (9, 0) -> (9, 9); (9, 0) -> (9, 9); (9, 0) -> (9, 9); (0, 0) -> (9, 0); (0, 0) -> (9, 0); (0, 0) -> (9, 0); (0, 0) -> (9, 0); (0, 0) -> (9, 0); (0, 0) -> (9, 0); (0, 0) -> (9, 0); (0, 0) -> (9, 0); (0, 0) -> (9, 0); (0, 9) -> (9, 9); (0, 9) -> (9, 9); (0, 9) -> (9, 9); (0, 9) -> (9, 9); (0, 9) -> (9, 9); (0, 9) -> (9, 9); (0, 9) -> (9, 9); (0, 9) -> (9, 9); (0, 9) -> (9, 9); 
bbbbbbbb: (8, 1) -> (8, 8); (8, 1) -> (8, 8); (8, 1) -> (8, 8); (1, 8) -> (8, 8); (1, 8) -> (8, 8); (1, 8) -> (8, 8); 
abcdaadc: (4, 0) -> (4, 7); (4, 0) -> (4, 7); (4, 0) -> (4, 7); (5, 0) -> (5, 7); (5, 0) -> (5, 7); (5, 0) -> (5, 7); (0, 4) -> (7, 4); (0, 4) -> (7, 4); (0, 4) -> (7, 4); (0, 5) -> (7, 5); (0, 5) -> (7, 5); (0, 5) -> (7, 5); 
aaaaaaaaaz: not found
aaaaaaaaaa: (0, 0) -> (0, 9); (0, 0) -> (0, 9); (0, 0) -> (0, 9); (0, 0) -> (0, 9); (0, 0) -> (0, 9); (0, 0) -> (0, 9); (0, 0) -> (0, 9); (0, 0) -> (0, 9); (0, 0) -> (0, 9); (9, 0) -> (9, 9); (9, 0) -> (9, 9); (9, 0) -> (9, 9); (9, 0) -> (9, 9); (9, 0) -> (9, 9); (9, 0) -> (9, 9); (9, 0) -> (9, 9); (9, 0) -> (9, 9); (9, 0) -> (9, 9); (0, 0) -> (9, 0); (0, 0) -> (9, 0); (0, 0) -> (9, 0); (0, 0) -> (9, 0); (0, 0) -> (9, 0); (0, 0) -> (9, 0); (0, 0) -> (9, 0); (0, 0) -> (9, 0); (0, 0) -> (9, 0); (0, 9) -> (9, 9); (0, 9) -> (9, 9); (0, 9) -> (9, 9); (0, 9) -> (9, 9); (0, 9) -> (9, 9); (0, 9) -> (9, 9); (0, 9) -> (9, 9); (0, 9) -> (9, 9); (0, 9) -> (9, 9); 
aaaaaaaaaz: not found
abcdaadcba: (4, 0) -> (4, 9); (4, 0) -> (4, 9); (4, 0) -> (4, 9); (4, 0) -> (4, 9); (4, 0) -> (4, 9); (4, 0) -> (4, 9); (4, 0) -> (4, 9); (4, 0) -> (4, 9); (4, 0) -> (4, 9); (5, 0) -> (5, 9); (5, 0) -> (5, 9); (5, 0) -> (5, 9); (5, 0) -> (5, 9); (5, 0) -> (5, 9); (5, 0) -> (5, 9); (5, 0) -> (5, 9); (5, 0) -> (5, 9); (5, 0) -> (5, 9); (0, 4) -> (9, 4); (0, 4) -> (9, 4); (0, 4) -> (9, 4); (0, 4) -> (9, 4); (0, 4) -> (9, 4); (0, 4) -> (9, 4); (0, 4) -> (9, 4); (0, 4) -> (9, 4); (0, 4) -> (9, 4); (0, 5) -> (9, 5); (0, 5) -> (9, 5); (0, 5) -> (9, 5); (0, 5) -> (9, 5); (0, 5) -> (9, 5); (0, 5) -> (9, 5); (0, 5) -> (9, 5); (0, 5) -> (9, 5); (0, 5) -> (9, 5); 
abcddddc: (3, 0) -> (3, 7); (3, 0) -> (3, 7); (6, 0) -> (6, 7); (6, 0) -> (6, 7); (0, 3) -> (7, 3); (0, 3) -> (7, 3); (0, 6) -> (7, 6); (0, 6) -> (7, 6); 
abcdaadcba: (4, 0) -> (4, 9); (4, 0) -> (4, 9); (4, 0) -> (4, 9); (4, 0) -> (4, 9); (4, 0) -> (4, 9); (4, 0) -> (4, 9); (4, 0) -> (4, 9); (4, 0) -> (4, 9); (4, 0) -> (4, 9); (5, 0) -> (5, 9); (5, 0) -> (5, 9); (5, 0) -> (5, 9); (5, 0) -> (5, 9); (5, 0) -> (5, 9); (5, 0) -> (5, 9); (5, 0) -> (5, 9); (5, 0) -> (5, 9); (5, 0) -> (5, 9); (0, 4) -> (9, 4); (0, 4) -> (9, 4); (0, 4) -> (9, 4); (0, 4) -> (9, 4); (0, 4) -> (9, 4); (0, 4) -> (9, 4); (0, 4) -> (9, 4); (0, 4) -> (9, 4); (0, 4) -> (9, 4); (0, 5) -> (9, 5); (0, 5) -> (9, 5); (0, 5) -> (9, 5); (0, 5) -> (9, 5); (0, 5) -> (9, 5); (0, 5) -> (9, 5); (0, 5) -> (9, 5); (0, 5) -> (9, 5); (0, 5) -> (9, 5); 
bbbbbbbz: not found
abcddddcb: (3, 0) -> (3, 8); (3, 0) -> (3, 8); (3, 0) -> (3, 8); (3, 0) -> (3, 8); (6, 0) -> (6, 8); (6, 0) -> (6, 8); (6, 0) -> (6, 8); (6, 0) -> (6, 8); (0, 3) -> (8, 3); (0, 3) -> (8, 3); (0, 3) -> (8, 3); (0, 3) -> (8, 3); (0, 6) -> (8, 6); (0, 6) -> (8, 6); (0, 6) -> (8, 6); (0, 6) -> (8, 6); 
abcdaadc: (4, 0) -> (4, 7); (4, 0) -> (4, 7); (4, 0) -> (4, 7); (5, 0) -> (5, 7); (5, 0) -> (5, 7); (5, 0) -> (5, 7); (0, 4) -> (7, 4); (0, 4) -> (7, 4); (0, 4) -> (7, 4); (0, 5) -> (7, 5); (0, 5) -> (7, 5); (0, 5) -> (7, 5); 
bcdaadcz: not found
abcccccc: (2, 0) -> (2, 7); (2, 0) -> (2, 7); (2, 0) -> (2, 7); (2, 0) -> (2, 7); (2, 0) -> (2, 7); (7, 0) -> (7, 7); (7, 0) -> (7, 7); (7, 0) -> (7, 7); (7, 0) -> (7, 7); (7, 0) -> (7, 7); (0, 2) -> (7, 2); (0, 2) -> (7, 2); (0, 2) -> (7, 2); (0, 2) -> (7, 2); (0, 2) -> (7, 2); (0, 7) -> (7, 7); (0, 7) -> (7, 7); (0, 7) -> (7, 7); (0, 7) -> (7, 7); (0, 7) -> (7, 7); 
aaaaaaaaa: (0, 0) -> (0, 8); (0, 1) -> (0, 9); (0, 0) -> (0, 8); (0, 1) -> (0, 9); (0, 0) -> (0, 8); (0, 1) -> (0, 9); (0, 0) -> (0, 8); (0, 1) -> (0, 9); (0, 0) -> (0, 8); (0, 1) -> (0, 9); (0, 0) -> (0, 8); (0, 1) -> (0, 9); (0, 0) -> (0, 8); (0, 1) -> (0, 9); (0, 0) -> (0, 8); (0, 1) -> (0, 9); (0, 0) -> (0, 8); (0, 1) -> (0, 9); (9, 0) -> (9, 8); (9, 1) -> (9, 9); (9, 0) -> (9, 8); (9, 1) -> (9, 9); (9, 0) -> (9, 8); (9, 1) -> (9, 9); (9, 0) -> (9, 8); (9, 1) -> (9, 9); (9, 0) -> (9, 8); (9, 1) -> (9, 9); (9, 0) -> (9, 8); (9, 1) -> (9, 9); (9, 0) -> (9, 8); (9, 1) -> (9, 9); (9, 0) -> (9, 8); (9, 1) -> (9, 9); (9, 0) -> (9, 8); (9, 1) -> (9, 9); (0, 0) -> (8, 0); (1, 0) -> (9, 0); (0, 0) -> (8, 0); (1, 0) -> (9, 0); (0, 0) -> (8, 0); (1, 0) -> (9, 0); (0, 0) -> (8, 0); (1, 0) -> (9, 0); (0, 0) -> (8, 0); (1, 0) -> (9, 0); (0, 0) -> (8, 0); (1, 0) -> (9, 0); (0, 0) -> (8, 0); (1, 0) -> (9, 0); (0, 0) -> (8, 0); (1, 0) -> (9, 0); (0, 0) -> (8, 0); (1, 0) -> (9, 0); (0, 9) -> (8, 9); (1, 9) -> (9, 9); (0, 9) -> (8, 9); (1, 9) -> (9, 9); (0, 9) -> (8, 9); (1, 9) -> (9, 9); (0, 9) -> (8, 9); (1, 9) -> (9, 9); (0, 9) -> (8, 9); (1, 9) -> (9, 9); (0, 9) -> (8, 9); (1, 9) -> (9, 9); (0, 9) -> (8, 9); (1, 9) -> (9, 9); (0, 9) -> (8, 9); (1, 9) -> (9, 9); (0, 9) -> (8, 9); (1, 9) -> (9, 9); 
aaaaaaaaa: (0, 0) -> (0, 8); (0, 1) -> (0, 9); (0, 0) -> (0, 8); (0, 1) -> (0, 9); (0, 0) -> (0, 8); (0, 1) -> (0, 9); (0, 0) -> (0, 8); (0, 1) -> (0, 9); (0, 0) -> (0, 8); (0, 1) -> (0, 9); (0, 0) -> (0, 8); (0, 1) -> (0, 9); (0, 0) -> (0, 8); (0, 1) -> (0, 9); (0, 0) -> (0, 8); (0, 1) -> (0, 9); (0, 0) -> (0, 8); (0, 1) -> (0, 9); (9, 0) -> (9, 8); (9, 1) -> (9, 9); (9, 0) -> (9, 8); (9, 1) -> (9, 9); (9, 0) -> (9, 8); (9, 1) -> (9, 9); (9, 0) -> (9, 8); (9, 1) -> (9, 9); (9, 0) -> (9, 8); (9, 1) -> (9, 9); (9, 0) -> (9, 8); (9, 1) -> (9, 9); (9, 0) -> (9, 8); (9, 1) -> (9, 9); (9, 0) -> (9, 8); (9, 1) -> (9, 9); (9, 0) -> (9, 8); (9, 1) -> (9, 9); (0, 0) -> (8, 0); (1, 0) -> (9, 0); (0, 0) -> (8, 0); (1, 0) -> (9, 0); (0, 0) -> (8, 0); (1, 0) -> (9, 0); (0, 0) -> (8, 0); (1, 0) -> (9, 0); (0, 0) -> (8, 0); (1, 0) -> (9, 0); (0, 0) -> (8, 0); (1, 0) -> (9, 0); (0, 0) -> (8, 0); (1, 0) -> (9, 0); (0, 0) -> (8, 0); (1, 0) -> (9, 0); (0, 0) -> (8, 0); (1, 0) -> (9, 0); (0, 9) -> (8, 9); (1, 9) -> (9, 9); (0, 9) -> (8, 9); (1, 9) -> (9, 9); (0, 9) -> (8, 9); (1, 9) -> (9, 9); (0, 9) -> (8, 9); (1, 9) -> (9, 9); (0, 9) -> (8, 9); (1, 9) -> (9, 9); (0, 9) -> (8, 9); (1, 9) -> (9, 9); (0, 9) -> (8, 9); (1, 9) -> (9, 9); (0, 9) -> (8, 9); (1, 9) -> (9, 9); (0, 9) -> (8, 9); (1, 9) -> (9, 9); 
abccccccba: (2, 0) -> (2, 9); (2, 0) -> (2, 9); (2, 0) -> (2, 9); (2, 0) -> (2, 9); (2, 0) -> (2, 9); (7, 0) -> (7, 9); (7, 0) -> (7, 9); (7, 0) -> (7, 9); (7, 0) -> (7, 9); (7, 0) -> (7, 9); (0, 2) -> (9, 2); (0, 2) -> (9, 2); (0, 2) -> (9, 2); (0, 2) -> (9, 2); (0, 2) -> (9, 2); (0, 7) -> (9, 7); (0, 7) -> (9, 7); (0, 7) -> (9, 7); (0, 7) -> (9, 7); (0, 7) -> (9, 7); 
bcdaadcbz: not found
aaaaaaaaaa: (0, 0) -> (0, 9); (0, 0) -> (0, 9); (0, 0) -> (0, 9); (0, 0) -> (0, 9); (0, 0) -> (0, 9); (0, 0) -> (0, 9); (0, 0) -> (0, 9); (0, 0) -> (0, 9); (0, 0) -> (0, 9); (9, 0) -> (9, 9); (9, 0) -> (9, 9); (9, 0) -> (9, 9); (9, 0) -> (9, 9); (9, 0) -> (9, 9); (9, 0) -> (9, 9); (9, 0) -> (9, 9); (9, 0) -> (9, 9); (9, 0) -> (9, 9); (0, 0) -> (9, 0); (0, 0) -> (9, 0); (0, 0) -> (9, 0); (0, 0) -> (9, 0); (0, 0) -> (9, 0); (0, 0) -> (9, 0); (0, 0) -> (9, 0); (0, 0) -> (9, 0); (0, 0) -> (9, 0); (0, 9) -> (9, 9); (0, 9) -> (9, 9); (0, 9) -> (9, 9); (0, 9) -> (9, 9); (0, 9) -> (9, 9); (0, 9) -> (9, 9); (0, 9) -> (9, 9); (0, 9) -> (9, 9); (0, 9) -> (9, 9); 
abbbbbbbz: not found
hbbbbbbba: (1, 1) -> (1, 9); (1, 1) -> (1, 9); (1, 1) -> (1, 9); (1, 1) -> (9, 1); (1, 1) -> (9, 1); (1, 1) -> (9, 1); 
abbbbbbbb: (8, 0) -> (8, 8); (8, 0) -> (8, 8); (8, 0) -> (8, 8); (8, 0) -> (8, 8); (8, 0) -> (8, 8); (8, 0) -> (8, 8); (0, 8) -> (8, 8); (0, 8) -> (8, 8); (0, 8) -> (8, 8); (0, 8) -> (8, 8); (0, 8) -> (8, 8); (0, 8) -> (8, 8); 
aaaaaaaaz: not found
bcdaadcba: (4, 1) -> (4, 9); (4, 1) -> (4, 9); (4, 1) -> (4, 9); (4, 1) -> (4, 9); (4, 1) -> (4, 9); (4, 1) -> (4, 9); (4, 1) -> (4, 9); (5, 1) -> (5, 9); (5, 1) -> (5, 9); (5, 1) -> (5, 9); (5, 1) -> (5, 9); (5, 1) -> (5, 9); (5, 1) -> (5, 9); (5, 1) -> (5, 9); (1, 4) -> (9, 4); (1, 4) -> (9, 4); (1, 4) -> (9, 4); (1, 4) -> (9, 4); (1, 4) -> (9, 4); (1, 4) -> (9, 4); (1, 4) -> (9, 4); (1, 5) -> (9, 5); (1, 5) -> (9, 5); (1, 5) -> (9, 5); (1, 5) -> (9, 5); (1, 5) -> (9, 5); (1, 5) -> (9, 5); (1, 5) -> (9, 5); 
aaaaaaaaaa: (0, 0) -> (0, 9); (0, 0) -> (0, 9); (0, 0) -> (0, 9); (0, 0) -> (0, 9); (0, 0) -> (0, 9); (0, 0) -> (0, 9); (0, 0) -> (0, 9); (0, 0) -> (0, 9); (0, 0) -> (0, 9); (9, 0) -> (9, 9); (9, 0) -> (9, 9); (9, 0) -> (9, 9); (9, 0) -> (9, 9); (9, 0) -> (9, 9); (9, 0) -> (9, 9); (9, 0) -> (9, 9); (9, 0) -> (9, 9); (9, 0) -> (9, 9); (0, 0) -> (9, 0); (0, 0) -> (9, 0); (0, 0) -> (9, 0); (0, 0) -> (9, 0); (0, 0) -> (9, 0); (0, 0) -> (9, 0); (0, 0) -> (9, 0); (0, 0) -> (9, 0); (0, 0) -> (9, 0); (0, 9) -> (9, 9); (0, 9) -> (9, 9); (0, 9) -> (9, 9); (0, 9) -> (9, 9); (0, 9) -> (9, 9); (0, 9) -> (9, 9); (0, 9) -> (9, 9); (0, 9) -> (9, 9); (0, 9) -> (9, 9); 
aaaaaaaaz: not found
bcddddcb: (3, 1) -> (3, 8); (3, 1) -> (3, 8); (6, 1) -> (6, 8); (6, 1) -> (6, 8); (1, 3) -> (8, 3); (1, 3) -> (8, 3); (1, 6) -> (8, 6); (1, 6) -> (8, 6); 
bcdaadcz: not found
aaaaaaaa: (0, 0) -> (0, 7); (0, 1) -> (0, 8); (0, 2) -> (0, 9); (0, 0) -> (0, 7); (0, 1) -> (0, 8); (0, 2) -> (0, 9); (0, 0) -> (0, 7); (0, 1) -> (0, 8); (0, 2) -> (0, 9); (0, 0) -> (0, 7); (0, 1) -> (0, 8); (0, 2) -> (0, 9); (0, 0) -> (0, 7); (0, 1) -> (0, 8); (0, 2) -> (0, 9); (0, 0) -> (0, 7); (0, 1) -> (0, 8); (0, 2) -> (0, 9); (0, 0) -> (0, 7); (0, 1) -> (0, 8); (0, 2) -> (0, 9); (0, 0) -> (0, 7); (0, 1) -> (0, 8); (0, 2) -> (0, 9); (0, 0) -> (0, 7); (0, 1) -> (0, 8); (0, 2) -> (0, 9); (0, 0) -> (0, 7); (0, 1) -> (0, 8); (0, 2) -> (0, 9); (0, 0) -> (0, 7); (0, 1) -> (0, 8); (0, 2) -> (0, 9); (9, 0) -> (9, 7); (9, 1) -> (9, 8); (9, 2) -> (9, 9); (9, 0) -> (9, 7); (9, 1) -> (9, 8); (9, 2) -> (9, 9); (9, 0) -> (9, 7); (9, 1) -> (9, 8); (9, 2) -> (9, 9); (9, 0) -> (9, 7); (9, 1) -> (9, 8); (9, 2) -> (9, 9); (9, 0) -> (9, 7); (9, 1) -> (9, 8); (9, 2) -> (9, 9); (9, 0) -> (9, 7); (9, 1) -> (9, 8); (9, 2) -> (9, 9); (9, 0) -> (9, 7); (9, 1) -> (9, 8); (9, 2) -> (9, 9); (9, 0) -> (9, 7); (9, 1) -> (9, 8); (9, 2) -> (9, 9); (9, 0) -> (9, 7); (9, 1) -> (9, 8); (9, 2) -> (9, 9); (9, 0) -> (9, 7); (9, 1) -> (9, 8); (9, 2) -> (9, 9); (9, 0) -> (9, 7); (9, 1) -> (9, 8); (9, 2) -> (9, 9); (0, 0) -> (7, 0); (1, 0) -> (8, 0); (2, 0) -> (9, 0); (0, 0) -> (7, 0); (1, 0) -> (8, 0); (2, 0) -> (9, 0); (0, 0) -> (7, 0); (1, 0) -> (8, 0); (2, 0) -> (9, 0); (0, 0) -> (7, 0); (1, 0) -> (8, 0); (2, 0) -> (9, 0); (0, 0) -> (7, 0); (1, 0) -> (8, 0); (2, 0) -> (9, 0); (0, 0) -> (7, 0); (1, 0) -> (8, 0); (2, 0) -> (9, 0); (0, 0) -> (7, 0); (1, 0) -> (8, 0); (2, 0) -> (9, 0); (0, 0) -> (7, 0); (1, 0) -> (8, 0); (2, 0) -> (9, 0); (0, 0) -> (7, 0); (1, 0) -> (8, 0); (2, 0) -> (9, 0); (0, 0) -> (7, 0); (1, 0) -> (8, 0); (2, 0) -> (9, 0); (0, 0) -> (7, 0); (1, 0) -> (8, 0); (2, 0) -> (9, 0); (0, 9) -> (7, 9); (1, 9) -> (8, 9); (2, 9) -> (9, 9); (0, 9) -> (7, 9); (1, 9) -> (8, 9); (2, 9) -> (9, 9); (0, 9) -> (7, 9); (1, 9) -> (8, 9); (2, 9) -> (9, 9); (0, 9) -> (7, 9); (1, 9) -> (8, 9); (2, 9) -> (9, 9); (0, 9) -> (7, 9); (1, 9) -> (8, 9); (2, 9) -> (9, 9); (0, 9) -> (7, 9); (1, 9) -> (8, 9); (2, 9) -> (9, 9); (0, 9) -> (7, 9); (1, 9) -> (8, 9); (2, 9) -> (9, 9); (0, 9) -> (7, 9); (1, 9) -> (8, 9); (2, 9) -> (9, 9); (0, 9) -> (7, 9); (1, 9) -> (8, 9); (2, 9) -> (9, 9); (0, 9) -> (7, 9); (1, 9) -> (8, 9); (2, 9) -> (9, 9); (0, 9) -> (7, 9); (1, 9) -> (8, 9); (2, 9) -> (9, 9); 
aaaaaaaaa: (0, 0) -> (0, 8); (0, 1) -> (0, 9); (0, 0) -> (0, 8); (0, 1) -> (0, 9); (0, 0) -> (0, 8); (0, 1) -> (0, 9); (0, 0) -> (0, 8); (0, 1) -> (0, 9); (0, 0) -> (0, 8); (0, 1) -> (0, 9); (0, 0) -> (0, 8); (0, 1) -> (0, 9); (0, 0) -> (0, 8); (0, 1) -> (0, 9); (0, 0) -> (0, 8); (0, 1) -> (0, 9); (0, 0) -> (0, 8); (0, 1) -> (0, 9); (9, 0) -> (9, 8); (9, 1) -> (9, 9); (9, 0) -> (9, 8); (9, 1) -> (9, 9); (9, 0) -> (9, 8); (9, 1) -> (9, 9); (9, 0) -> (9, 8); (9, 1) -> (9, 9); (9, 0) -> (9, 8); (9, 1) -> (9, 9); (9, 0) -> (9, 8); (9, 1) -> (9, 9); (9, 0) -> (9, 8); (9, 1) -> (9, 9); (9, 0) -> (9, 8); (9, 1) -> (9, 9); (9, 0) -> (9, 8); (9, 1) -> (9, 9); (0, 0) -> (8, 0); (1, 0) -> (9, 0); (0, 0) -> (8, 0); (1, 0) -> (9, 0); (0, 0) -> (8, 0); (1, 0) -> (9, 0); (0, 0) -> (8, 0); (1, 0) -> (9, 0); (0, 0) -> (8, 0); (1, 0) -> (9, 0); (0, 0) -> (8, 0); (1, 0) -> (9, 0); (0, 0) -> (8, 0); (1, 0) -> (9, 0); (0, 0) -> (8, 0); (1, 0) -> (9, 0); (0, 0) -> (8, 0); (1, 0) -> (9, 0); (0, 9) -> (8, 9); (1, 9) -> (9, 9); (0, 9) -> (8, 9); (1, 9) -> (9, 9); (0, 9) -> (8, 9); (1, 9) -> (9, 9); (0, 9) -> (8, 9); (1, 9) -> (9, 9); (0, 9) -> (8, 9); (1, 9) -> (9, 9); (0, 9) -> (8, 9); (1, 9) -> (9, 9); (0, 9) -> (8, 9); (1, 9) -> (9, 9); (0, 9) -> (8, 9); (1, 9) -> (9, 9); (0, 9) -> (8, 9); (1, 9) -> (9, 9); 
abcdaadz: not found
bcdaadcba: (4, 1) -> (4, 9); (4, 1) -> (4, 9); (4, 1) -> (4, 9); (4, 1) -> (4, 9); (4, 1) -> (4, 9); (4, 1) -> (4, 9); (4, 1) -> (4, 9); (5, 1) -> (5, 9); (5, 1) -> (5, 9); (5, 1) -> (5, 9); (5, 1) -> (5, 9); (5, 1) -> (5, 9); (5, 1) -> (5, 9); (5, 1) -> (5, 9); (1, 4) -> (9, 4); (1, 4) -> (9, 4); (1, 4) -> (9, 4); (1, 4) -> (9, 4); (1, 4) -> (9, 4); (1, 4) -> (9, 4); (1, 4) -> (9, 4); (1, 5) -> (9, 5); (1, 5) -> (9, 5); (1, 5) -> (9, 5); (1, 5) -> (9, 5); (1, 5) -> (9, 5); (1, 5) -> (9, 5); (1, 5) -> (9, 5); 
abbbbbbbbz: not found
ahbbbbbbbz: not found
abbbbbbbb: (8, 0) -> (8, 8); (8, 0) -> (8, 8); (8, 0) -> (8, 8); (8, 0) -> (8, 8); (8, 0) -> (8, 8); (8, 0) -> (8, 8); (0, 8) -> (8, 8); (0, 8) -> (8, 8); (0, 8) -> (8, 8); (0, 8) -> (8, 8); (0, 8) -> (8, 8); (0, 8) -> (8, 8); 
aaaaaaaaaz: not found
abccccccb: (2, 0) -> (2, 8); (2, 0) -> (2, 8); (2, 0) -> (2, 8); (7, 0) -> (7, 8); (7, 0) -> (7, 8); (7, 0) -> (7, 8); (0, 2) -> (8, 2); (0, 2) -> (8, 2); (0, 2) -> (8, 2); (0, 7) -> (8, 7); (0, 7) -> (8, 7); (0, 7) -> (8, 7); 
hbbbbbbba: (1, 1) -> (1, 9); (1, 1) -> (1, 9); (1, 1) -> (1, 9); (1, 1) -> (9, 1); (1, 1) -> (9, 1); (1, 1) -> (9, 1); 
bccccccba: (2, 1) -> (2, 9); (2, 1) -> (2, 9); (2, 1) -> (2, 9); (2, 1) -> (2, 9); (2, 1) -> (2, 9); (2, 1) -> (2, 9); (2, 1) -> (2, 9); (2, 1) -> (2, 9); (2, 1) -> (2, 9); (7, 1) -> (7, 9); (7, 1) -> (7, 9); (7, 1) -> (7, 9); (7, 1) -> (7, 9); (7, 1) -> (7, 9); (7, 1) -> (7, 9); (7, 1) -> (7, 9); (7, 1) -> (7, 9); (7, 1) -> (7, 9); (1, 2) -> (9, 2); (1, 2) -> (9, 2); (1, 2) -> (9, 2); (1, 2) -> (9, 2); (1, 2) -> (9, 2); (1, 2) -> (9, 2); (1, 2) -> (9, 2); (1, 2) -> (9, 2); (1, 2) -> (9, 2); (1, 7) -> (9, 7); (1, 7) -> (9, 7); (1, 7) -> (9, 7); (1, 7) -> (9, 7); (1, 7) -> (9, 7); (1, 7) -> (9, 7); (1, 7) -> (9, 7); (1, 7) -> (9, 7); (1, 7) -> (9, 7); 
aaaaaaaaa: (0, 0) -> (0, 8); (0, 1) -> (0, 9); (0, 0) -> (0, 8); (0, 1) -> (0, 9); (0, 0) -> (0, 8); (0, 1) -> (0, 9); (0, 0) -> (0, 8); (0, 1) -> (0, 9); (0, 0) -> (0, 8); (0, 1) -> (0, 9); (0, 0) -> (0, 8); (0, 1) -> (0, 9); (0, 0) -> (0, 8); (0, 1) -> (0, 9); (0, 0) -> (0, 8); (0, 1) -> (0, 9); (0, 0) -> (0, 8); (0, 1) -> (0, 9); (9, 0) -> (9, 8); (9, 1) -> (9, 9); (9, 0) -> (9, 8); (9, 1) -> (9, 9); (9, 0) -> (9, 8); (9, 1) -> (9, 9); (9, 0) -> (9, 8); (9, 1) -> (9, 9); (9, 0) -> (9, 8); (9, 1) -> (9, 9); (9, 0) -> (9, 8); (9, 1) -> (9, 9); (9, 0) -> (9, 8); (9, 1) -> (9, 9); (9, 0) -> (9, 8); (9, 1) -> (9, 9); (9, 0) -> (9, 8); (9, 1) -> (9, 9); (0, 0) -> (8, 0); (1, 0) -> (9, 0); (0, 0) -> (8, 0); (1, 0) -> (9, 0); (0, 0) -> (8, 0); (1, 0) -> (9, 0); (0, 0) -> (8, 0); (1, 0) -> (9, 0); (0, 0) -> (8, 0); (1, 0) -> (9, 0); (0, 0) -> (8, 0); (1, 0) -> (9, 0); (0, 0) -> (8, 0); (1, 0) -> (9, 0); (0, 0) -> (8, 0); (1, 0) -> (9, 0); (0, 0) -> (8, 0); (1, 0) -> (9, 0); (0, 9) -> (8, 9); (1, 9) -> (9, 9); (0, 9) -> (8, 9); (1, 9) -> (9, 9); (0, 9) -> (8, 9); (1, 9) -> (9, 9); (0, 9) -> (8, 9); (1, 9) -> (9, 9); (0, 9) -> (8, 9); (1, 9) -> (9, 9); (0, 9) -> (8, 9); (1, 9) -> (9, 9); (0, 9) -> (8, 9); (1, 9) -> (9, 9); (0, 9) -> (8, 9); (1, 9) -> (9, 9); (0, 9) -> (8, 9); (1, 9) -> (9, 9); 
-----------------------------------
Algorithm: KMP
Comparisons: 85716
Execution Time: 4.3566ms
